
time=1639770923.6985626 gym-duckietown 2019.0.0

time=1639770923.9657922 Registering gym environment id: Duckietown-4way-v0
time=1639770923.9659383 Registering gym environment id: Duckietown-loop_dyn_duckiebots-v0
time=1639770923.9660308 Registering gym environment id: Duckietown-loop_empty-v0
time=1639770923.9661217 Registering gym environment id: Duckietown-loop_obstacles-v0
time=1639770923.966241 Registering gym environment id: Duckietown-loop_pedestrians-v0
time=1639770923.9663181 Registering gym environment id: Duckietown-small_loop-v0
time=1639770923.9663966 Registering gym environment id: Duckietown-small_loop_cw-v0
time=1639770923.9665053 Registering gym environment id: Duckietown-straight_road-v0
time=1639770923.9666255 Registering gym environment id: Duckietown-straight_road_10_tiles_no_start_tile-v0
time=1639770923.966711 Registering gym environment id: Duckietown-straight_road_no_start_tile-v0
time=1639770923.9667966 Registering gym environment id: Duckietown-straight_road_trafficlight-v0
time=1639770923.9669209 Registering gym environment id: Duckietown-straight_road_with_side_floor-v0
time=1639770923.967013 Registering gym environment id: Duckietown-udem1-v0
time=1639770923.9671345 Registering gym environment id: Duckietown-zigzag_dists-v0
time=1639770925.785943 Falling back to non-multisampled frame buffer
time=1639770925.7901623 Falling back to non-multisampled frame buffer
time=1639770925.794589 loading map file "/home/appuser/aido-auto/gym-duckietown/gym_duckietown/maps/straight_road.yaml"
time=1639770925.8015683 loading mesh "duckiebot.obj"
time=1639770925.8018582 loading materials from "/home/appuser/aido-auto/gym-duckietown/gym_duckietown/meshes/duckiebot.mtl"
time=1639770926.2176402 loading texture "straight_1.png"
time=1639770926.2349412 road_tile_size=0.585
time=1639770926.2354355 Starting at [0.2925  0.      0.43875] 0
time=1639770926.23575 Pos: [0.2925  0.      0.43875] angle 0
time=1639770926.393371 using DuckietownEnv
/usr/local/lib/python3.6/dist-packages/gym/spaces/box.py:74: UserWarning: [33mWARN: Box bound precision lowered by casting to float32[0m
  "Box bound precision lowered by casting to {}".format(self.dtype)
time=1639770926.3947523 loading mesh "duckie.obj"
time=1639770926.442166 loading texture "duckie.png"
time=1639770927.0884473 Pos: [0.2925  0.      0.43875] angle 0
time=1639770927.3507853 Pos: [0.3325  0.      0.43875] angle 0
time=1639770927.4631674 Pos: [0.3725  0.      0.43875] angle 0
time=1639770927.5710342 Pos: [0.4125  0.      0.43875] angle 0
time=1639770927.6537287 Pos: [0.4525  0.      0.43875] angle 0
time=1639770927.7390625 Pos: [0.4925  0.      0.43875] angle 0
time=1639770927.820004 Pos: [0.5325  0.      0.43875] angle 0
time=1639770927.9041147 Pos: [0.5725  0.      0.43875] angle 0
time=1639770927.9877563 Pos: [0.6125  0.      0.43875] angle 0
time=1639770928.0825555 Pos: [0.6525  0.      0.43875] angle 0
time=1639770928.167236 Pos: [0.6925  0.      0.43875] angle 0
time=1639770928.2546732 Pos: [0.7325  0.      0.43875] angle 0
time=1639770928.3379493 Pos: [0.7725  0.      0.43875] angle 0
time=1639770928.4232342 Pos: [0.8125  0.      0.43875] angle 0
time=1639770928.509782 Pos: [0.8525  0.      0.43875] angle 0
time=1639770928.593713 Pos: [0.8925  0.      0.43875] angle 0
time=1639770928.675708 Pos: [0.9325  0.      0.43875] angle 0
time=1639770928.759656 Pos: [0.9725  0.      0.43875] angle 0
time=1639770928.8431962 Pos: [1.0125  0.      0.43875] angle 0
time=1639770928.9251604 Pos: [1.0525  0.      0.43875] angle 0
env.road_tile_size = 0.585
id: 0 , cur_t None
id: 0 , cur_R None
id: 0 , delta_t None
id: 0 , delta_R None
id: 0 , current state: States.Forward_correct_lane
id: 0 , cur_t [[ 0.23709944]
 [-0.55485178]
 [ 0.79744803]]
id: 0 , cur_R [[ 0.99999244  0.00136603 -0.00364043]
 [-0.00135998  0.99999769  0.00166213]
 [ 0.00364269 -0.00165717  0.99999199]]
id: 0 , delta_t None
id: 0 , delta_R None
id: 0 , current state: States.Forward_correct_lane
id: 0 , cur_t [[ 1.00718825]
 [-1.17119493]
 [ 0.96202121]]
id: 0 , cur_R [[ 0.99987256  0.00589494 -0.01483601]
 [-0.00576034  0.99994201  0.00909866]
 [ 0.01488879 -0.00901204  0.99984854]]
id: 0 , delta_t [[ 0.7715207 ]
 [-0.6155625 ]
 [ 0.16074397]]
id: 0 , delta_R [[ 0.99992707  0.00451046 -0.01120344]
 [-0.00442747  0.99996267  0.00742053]
 [ 0.01123649 -0.00737039  0.99990971]]
id: 0 , current state: States.Forward_correct_lane
id: 0 , cur_t [[ 1.18279532]
 [-1.66375286]
 [ 1.81439956]]
id: 0 , cur_R [[ 0.99985405  0.00409127 -0.01658736]
 [-0.00394502  0.99995315  0.00883974]
 [ 0.01662275 -0.00877302  0.99982334]]
id: 0 , delta_t [[ 0.19111288]
 [-0.49917584]
 [ 0.84516232]]
id: 0 , delta_R [[ 9.99996840e-01 -1.81939518e-03 -1.73510760e-03]
 [ 1.81899542e-03  9.99998319e-01 -2.31945013e-04]
 [ 1.73552668e-03  2.28788127e-04  9.99998468e-01]]
id: 0 , current state: States.Forward_correct_lane
id: 0 , cur_t [[ 1.4828309 ]
 [-2.22563705]
 [ 2.58528529]]
id: 0 , cur_R [[ 0.99976848  0.00260408 -0.02135893]
 [-0.00236343  0.99993353  0.01128486]
 [ 0.0213869  -0.01123177  0.99970818]]
id: 0 , delta_t [[ 0.31502268]
 [-0.56739333]
 [ 0.76080584]]
id: 0 , delta_R [[ 0.99998751 -0.00152895 -0.0047591 ]
 [ 0.00154073  0.99999576  0.00247115]
 [ 0.0047553  -0.00247845  0.99998562]]
id: 0 , current state: States.Forward_correct_lane
id: 0 , cur_t [[ 1.46201559]
 [-2.6347877 ]
 [ 3.49751468]]
id: 0 , cur_R [[ 9.99777881e-01 -8.78913393e-04 -2.10574258e-02]
 [ 1.09757609e-03  9.99945578e-01  1.03748072e-02]
 [ 2.10471613e-02 -1.03956149e-02  9.99724436e-01]]
id: 0 , delta_t [[-3.33738343e-04]
 [-4.19423613e-01]
 [ 9.07790572e-01]]
id: 0 , delta_R [[ 9.99993889e-01 -3.47938659e-03  3.40737751e-04]
 [ 3.47967040e-03  9.99993597e-01 -8.35904074e-04]
 [-3.37827136e-04  8.37084621e-04  9.99999593e-01]]
id: 0 , current state: States.Forward_correct_lane
id: 0 , cur_t [[ 1.58343352]
 [-3.08172375]
 [ 4.38380237]]
id: 0 , cur_R [[ 9.99787816e-01 -3.92048149e-04 -2.05953479e-02]
 [ 6.01159279e-04  9.99948326e-01  1.01481088e-02]
 [ 2.05903051e-02 -1.01583367e-02  9.99736389e-01]]
id: 0 , delta_t [[ 0.13955426]
 [-0.45623194]
 [ 0.87884983]]
id: 0 , delta_R [[ 9.99999775e-01  4.91643621e-04  4.57098396e-04]
 [-4.91535275e-04  9.99999851e-01 -2.37112628e-04]
 [-4.57214903e-04  2.36887894e-04  9.99999867e-01]]
id: 0 , current state: States.Forward_correct_lane
id: 0 , cur_t [[ 1.89264151]
 [-3.62752603]
 [ 5.16257723]]
id: 0 , cur_R [[ 0.99916576  0.00572494 -0.04043536]
 [-0.00487094  0.99976366  0.02118706]
 [ 0.0405471  -0.02097243  0.9989575 ]]
id: 0 , delta_t [[ 0.32484948]
 [-0.55380636]
 [ 0.76666247]]
id: 0 , delta_R [[ 0.99978428  0.00591496 -0.01990973]
 [-0.00569822  0.99992408  0.01092525]
 [ 0.01997284 -0.01080944  0.99974209]]
id: 0 , current state: States.Forward_correct_lane
id: 0 , cur_t [[ 1.89340698]
 [-4.06393072]
 [ 6.0623274 ]]
id: 0 , cur_R [[ 0.99915694  0.00521539 -0.04072121]
 [-0.0043598   0.99976847  0.02107151]
 [ 0.04082168 -0.02087621  0.99894833]]
id: 0 , delta_t [[ 0.03937279]
 [-0.45516712]
 [ 0.88953509]]
id: 0 , delta_R [[ 9.99999829e-01 -5.15441311e-04 -2.75221137e-04]
 [ 5.15415234e-04  9.99999863e-01 -9.48114141e-05]
 [ 2.75269968e-04  9.46695448e-05  9.99999958e-01]]
id: 0 , current state: States.Forward_correct_lane
id: 0 , cur_t [[ 2.23147768]
 [-4.62286278]
 [ 6.81949525]]
id: 0 , cur_R [[ 0.99914611  0.00190016 -0.04127269]
 [-0.00106925  0.9997965   0.02014501]
 [ 0.04130257 -0.02008368  0.99894482]]
id: 0 , delta_t [[ 0.37113138]
 [-0.57284627]
 [ 0.73082738]]
id: 0 , delta_R [[ 9.99994353e-01 -3.32603512e-03 -4.82133742e-04]
 [ 3.32565273e-03  9.99994157e-01 -7.91779726e-04]
 [ 4.84764412e-04  7.90171845e-04  9.99999570e-01]]
id: 0 , current state: States.Forward_correct_lane
id: 0 , cur_t [[ 2.18669095]
 [-5.02520068]
 [ 7.73389033]]
id: 0 , cur_R [[ 9.99168731e-01  9.55787767e-04 -4.07545603e-02]
 [-2.23436218e-04  9.99838491e-01  1.79705758e-02]
 [ 4.07651541e-02 -1.79465314e-02  9.99007570e-01]]
id: 0 , delta_t [[-0.00655141]
 [-0.42070555]
 [ 0.90717359]]
id: 0 , delta_R [[ 9.99999420e-01 -9.33765787e-04  5.37482331e-04]
 [ 9.34912953e-04  9.99997277e-01 -2.13805208e-03]
 [-5.35484427e-04  2.13855334e-03  9.99997570e-01]]
id: 0 , current state: States.Forward_correct_lane
id: 0 , cur_t [[ 2.18890687]
 [-5.46318427]
 [ 8.63287057]]
id: 0 , cur_R [[ 9.99142117e-01  4.31610324e-04 -4.14106808e-02]
 [ 3.02380424e-04  9.99843000e-01  1.77167717e-02]
 [ 4.14118260e-02 -1.77140946e-02  9.98985121e-01]]
id: 0 , delta_t [[ 0.038959  ]
 [-0.45404431]
 [ 0.89012694]]
id: 0 , delta_R [[ 9.99999647e-01 -5.35877700e-04 -6.47147075e-04]
 [ 5.35727531e-04  9.99999830e-01 -2.32198136e-04]
 [ 6.47271394e-04  2.31851359e-04  9.99999764e-01]]
id: 0 , current state: States.Forward_correct_lane
id: 0 , cur_t [[ 2.20840644]
 [-5.89759173]
 [ 9.53337594]]
id: 0 , cur_R [[ 9.99078883e-01 -6.08784961e-04 -4.29070422e-02]
 [ 1.32749225e-03  9.99859266e-01  1.67238326e-02]
 [ 4.28908225e-02 -1.67653868e-02  9.98939087e-01]]
id: 0 , delta_t [[ 0.05664306]
 [-0.45028247]
 [ 0.89108768]]
id: 0 , delta_R [[ 9.99998337e-01 -1.06676176e-03 -1.47903179e-03]
 [ 1.06535771e-03  9.99998981e-01 -9.49767765e-04]
 [ 1.48004346e-03  9.48190488e-04  9.99998455e-01]]
id: 0 , current state: States.Forward_correct_lane
id: 0 , cur_t [[ 2.26712604]
 [-6.39335743]
 [10.39984485]]
id: 0 , cur_R [[ 9.99088612e-01 -3.63269435e-05 -4.26842319e-02]
 [ 7.50563304e-04  9.99859977e-01  1.67171192e-02]
 [ 4.26776478e-02 -1.67339207e-02  9.98948745e-01]]
id: 0 , delta_t [[ 0.09517095]
 [-0.51025836]
 [ 0.85473908]]
id: 0 , delta_R [[ 9.99999811e-01  5.76116611e-04  2.13393763e-04]
 [-5.76109910e-04  9.99999834e-01 -3.14631710e-05]
 [-2.13411854e-04  3.13402268e-05  9.99999977e-01]]
id: 0 , current state: States.Forward_correct_lane
id: 0 , cur_t [[ 2.29325876]
 [-6.81185152]
 [11.30768833]]
id: 0 , cur_R [[ 0.99904579  0.00476542 -0.04341438]
 [-0.00412583  0.99988181  0.01481003]
 [ 0.04347983 -0.01461678  0.99894737]]
id: 0 , delta_t [[ 0.06453942]
 [-0.43362823]
 [ 0.89877763]]
id: 0 , delta_R [[ 9.99988204e-01  4.78883620e-03 -8.11562394e-04]
 [-4.79054235e-03  9.99986292e-01 -2.11356418e-03]
 [ 8.01429756e-04  2.11742707e-03  9.99997437e-01]]
id: 0 , current state: States.Forward_correct_lane
id: 0 , cur_t [[ 2.24275588]
 [-7.2116276 ]
 [12.22290882]]
id: 0 , cur_R [[ 0.99895666  0.00631584 -0.04522945]
 [-0.00572594  0.99989701  0.01316019]
 [ 0.04530791 -0.01288747  0.99888994]]
id: 0 , delta_t [[-0.00901166]
 [-0.41334707]
 [ 0.91052896]]
id: 0 , delta_R [[ 0.99999715  0.00152372 -0.0018397 ]
 [-0.00152688  0.99999736 -0.0017179 ]
 [ 0.00183708  0.0017207   0.99999683]]
id: 0 , current state: States.Forward_correct_lane
id: 0 , cur_t [[ 2.27774969]
 [-7.6438368 ]
 [13.12400295]]
id: 0 , cur_R [[ 0.99894562  0.00754191 -0.04528546]
 [-0.00704086  0.99991234  0.01121362]
 [ 0.04536607 -0.01088295  0.99891115]]
id: 0 , delta_t [[ 0.0782588 ]
 [-0.4435565 ]
 [ 0.89282316]]
id: 0 , delta_R [[ 9.99999247e-01  1.22527106e-03 -7.22473316e-05]
 [-1.22541340e-03  9.99997241e-01 -2.00417858e-03]
 [ 6.97914703e-05  2.00426560e-03  9.99997989e-01]]
id: 0 , current state: States.Forward_correct_lane
id: 0 , cur_t [[ 2.52494825]
 [-8.20965509]
 [13.91060485]]
id: 0 , cur_R [[ 0.99869529  0.00559094 -0.05075882]
 [-0.00485167  0.99988053  0.01467599]
 [ 0.05083481 -0.01441058  0.9986031 ]]
id: 0 , delta_t [[ 0.2866068 ]
 [-0.57246488]
 [ 0.76820603]]
id: 0 , delta_R [[ 0.99998309 -0.00201041 -0.00545752]
 [ 0.00202985  0.99999161  0.00355826]
 [ 0.00545032 -0.00356928  0.99997878]]
id: 0 , current state: States.Forward_correct_lane
id: 0 , cur_t [[ 2.90710242]
 [-8.81164593]
 [14.61172196]]
id: 0 , cur_R [[ 0.99778824  0.01146741 -0.06547614]
 [-0.00986182  0.99964397  0.02479253]
 [ 0.06573714 -0.02409198  0.99754609]]time=1639770929.0126977 Pos: [1.0925  0.      0.43875] angle 0
time=1639770929.0957549 Pos: [1.1325  0.      0.43875] angle 0
time=1639770929.1851943 Pos: [1.1725  0.      0.43875] angle 0
time=1639770929.270187 Pos: [1.2125  0.      0.43875] angle 0
time=1639770929.3522146 Pos: [1.2525  0.      0.43875] angle 0
time=1639770929.438082 Pos: [1.2925  0.      0.43875] angle 0
time=1639770929.5218892 Pos: [1.3325  0.      0.43875] angle 0
time=1639770929.6059425 Pos: [1.3725  0.      0.43875] angle 0
time=1639770929.6893675 Pos: [1.4125  0.      0.43875] angle 0
time=1639770929.7711864 Pos: [1.4525  0.      0.43875] angle 0
time=1639770929.852966 Pos: [1.4925  0.      0.43875] angle 0
time=1639770929.9352496 Pos: [1.5325  0.      0.43875] angle 0
time=1639770930.0230098 Pos: [1.5725  0.      0.43875] angle 0
time=1639770930.1071894 Pos: [1.6125  0.      0.43875] angle 0
time=1639770930.195669 Pos: [1.6525  0.      0.43875] angle 0
time=1639770930.2790322 Pos: [1.6925  0.      0.43875] angle 0
time=1639770930.3635087 Pos: [1.7325  0.      0.43875] angle 0
time=1639770930.4467485 Pos: [1.7725  0.      0.43875] angle 0

id: 0 , delta_t [[ 0.42021739]
 [-0.60988583]
 [ 0.67190522]]
id: 0 , delta_R [[ 0.99987402  0.00566418 -0.01482756]
 [-0.00551844  0.99993625  0.00985113]
 [ 0.01488241 -0.00976806  0.99984154]]
id: 0 , current state: States.Forward_correct_lane
id: 0 , cur_t [[ 2.95304972]
 [-9.27635682]
 [15.49599151]]
id: 0 , cur_R [[ 0.99766498  0.00907699 -0.06769186]
 [-0.00740457  0.99966211  0.02491655]
 [ 0.06789516 -0.02435714  0.9973951 ]]
id: 0 , delta_t [[ 0.10855792]
 [-0.48532235]
 [ 0.86756982]]
id: 0 , delta_R [[ 9.99994681e-01 -2.44328762e-03 -2.16079593e-03]
 [ 2.44390864e-03  9.99996973e-01  2.84812917e-04]
 [ 2.16009351e-03 -2.90092190e-04  9.99997625e-01]]
id: 0 , current state: States.Forward_correct_lane
id: 0 , cur_t [[ 3.7035813 ]
 [-9.86105445]
 [15.80393797]]
id: 0 , cur_R [[ 0.98901366  0.04495903 -0.14082137]
 [-0.03500633  0.99676307  0.07237367]
 [ 0.14361939 -0.0666489   0.98738614]]
id: 0 , delta_t [[ 0.77401659]
 [-0.58518819]
 [ 0.24177076]]
id: 0 , delta_R [[ 0.99664485  0.03411184 -0.07440037]
 [-0.03077609  0.99848878  0.04553008]
 [ 0.07584105 -0.04308757  0.99618853]]
id: 0 , current state: States.Forward_correct_lane
id: 0 , cur_t [[  3.53157563]
 [-10.19629537]
 [ 16.73023575]]
id: 0 , cur_R [[ 0.98893058  0.04369116 -0.14180055]
 [-0.03378548  0.99686621  0.07152827]
 [ 0.14448133 -0.0659457   0.98730761]]
id: 0 , delta_t [[-0.02534609]
 [-0.4036257 ]
 [ 0.91457305]]
id: 0 , delta_R [[ 9.99998713e-01 -1.33172782e-03 -8.94268189e-04]
 [ 1.33113224e-03  9.99998892e-01 -6.66265387e-04]
 [ 8.95154482e-04  6.65074140e-04  9.99999378e-01]]
id: 0 , current state: States.Forward_correct_lane
id: 0 , cur_t [[  3.39696801]
 [-10.55660674]
 [ 17.65330482]]
id: 0 , cur_R [[ 0.98906941  0.04017519 -0.14187199]
 [-0.03040937  0.99705906  0.07034555]
 [ 0.14428089 -0.06526239  0.98738232]]
id: 0 , delta_t [[ 0.01242195]
 [-0.42593583]
 [ 0.9046681 ]]
id: 0 , delta_R [[ 9.99993807e-01 -3.51474675e-03  1.81396565e-04]
 [ 3.51487161e-03  9.99993583e-01 -6.92644140e-04]
 [-1.78960932e-04  6.93277435e-04  9.99999744e-01]]
id: 0 , current state: States.Forward_correct_lane
id: 0 , cur_t [[ 2.5798992 ]
 [-9.98757613]
 [17.56055397]]
id: 0 , cur_R [[ 0.99319265  0.02286851 -0.11421639]
 [-0.01749273  0.99870139  0.04784919]
 [ 0.11516231 -0.04552551  0.99230291]]
id: 0 , delta_t [[-0.8388238 ]
 [ 0.54058437]
 [ 0.0643674 ]]
id: 0 , delta_R [[ 0.99945932 -0.01543572  0.02903102]
 [ 0.01603303  0.99966219 -0.02045606]
 [-0.02870546  0.02091046  0.99936918]]
id: 0 , current state: States.Forward_correct_lane
id: 0 , cur_t [[  2.43259728]
 [-10.36693224]
 [ 18.47400408]]
id: 0 , cur_R [[ 0.9934773   0.02005178 -0.11225324]
 [-0.01478177  0.99875783  0.04758455]
 [ 0.11306796 -0.04561487  0.99253963]]
id: 0 , delta_t [[-0.03446818]
 [-0.42381733]
 [ 0.90509161]]
id: 0 , delta_R [[ 9.99994066e-01 -2.72412343e-03  2.10905511e-03]
 [ 2.72403031e-03  9.99996289e-01  4.70214131e-05]
 [-2.10917537e-03 -4.12760040e-05  9.99997775e-01]]
id: 0 , current state: States.Forward_correct_lane
id: 0 , cur_t [[  2.437855  ]
 [-10.80862485]
 [ 19.37115512]]
id: 0 , cur_R [[ 0.99336464  0.02120147 -0.11303625]
 [-0.01587702  0.99873084  0.04779788]
 [ 0.11390617 -0.04568604  0.99244051]]
id: 0 , delta_t [[ 0.11319146]
 [-0.48196195]
 [ 0.86885003]]
id: 0 , delta_R [[ 9.99999026e-01  1.11266794e-03 -8.42345248e-04]
 [-1.11259325e-03  9.99999377e-01  8.91312700e-05]
 [ 8.42443896e-04 -8.81939956e-05  9.99999641e-01]]
id: 0 , current state: States.Forward_correct_lane
id: 0 , cur_t [[  2.37444563]
 [-11.20848347]
 [ 20.28553596]]
id: 0 , cur_R [[ 0.99331288  0.01718122 -0.11416802]
 [-0.01182723  0.99880555  0.04740869]
 [ 0.11484619 -0.04574137  0.99232962]]
id: 0 , delta_t [[ 0.04751355]
 [-0.44246995]
 [ 0.89552376]]
id: 0 , delta_R [[ 9.99991277e-01 -4.06841670e-03 -9.45443138e-04]
 [ 4.06848623e-03  9.99991721e-01  7.16392338e-05]
 [ 9.45143852e-04 -7.54851313e-05  9.99999551e-01]]
id: 0 , current state: States.Forward_correct_lane
id: 0 , cur_t [[  2.14913544]
 [-10.68697125]
 [ 19.46257769]]
id: 0 , cur_R [[ 0.99377604  0.01325035 -0.11060565]
 [-0.00846485  0.99901214  0.04362436]
 [ 0.11107442 -0.04241659  0.99290649]]
id: 0 , delta_t [[-0.32448518]
 [ 0.55466144]
 [-0.76619844]]
id: 0 , delta_R [[ 0.99998582 -0.00376276  0.00376804]
 [ 0.0037755   0.99998717 -0.00337859]
 [-0.00375528  0.00339277  0.99998719]]
id: 0 , current state: States.Forward_correct_lane
id: 0 , cur_t [[  2.11688206]
 [-11.10078889]
 [ 20.37236595]]
id: 0 , cur_R [[ 0.99334858  0.01410171 -0.1142792 ]
 [-0.00906501  0.99896941  0.04447409]
 [ 0.11478858 -0.04314233  0.99245268]]
id: 0 , delta_t [[ 0.07250448]
 [-0.45242633]
 [ 0.88884955]]
id: 0 , delta_R [[ 9.99992799e-01  6.93876447e-04 -3.73108531e-03]
 [-6.90975087e-04  9.99999458e-01  7.78850916e-04]
 [ 3.73162372e-03 -7.76267220e-04  9.99992736e-01]]
id: 0 , current state: States.Forward_correct_lane
id: 0 , cur_t [[  1.79630653]
 [-10.55116831]
 [ 19.60090723]]
id: 0 , cur_R [[ 0.99392722  0.01676819 -0.10875436]
 [-0.0122829   0.99905125  0.04178199]
 [ 0.10935179 -0.04019244  0.99319019]]
id: 0 , delta_t [[-0.41198022]
 [ 0.577816  ]
 [-0.70455728]]
id: 0 , delta_R [[ 0.99998102  0.0029042   0.00543453]
 [-0.00288768  0.9999912  -0.00304469]
 [-0.00544332  0.00302894  0.9999806 ]]
id: 0 , current state: States.Forward_correct_lane
id: 0 , cur_t [[  1.67749612]
 [-10.94093635]
 [ 20.51412406]]
id: 0 , cur_R [[ 0.99396603  0.01573769 -0.1085535 ]
 [-0.01143812  0.9991295   0.04011748]
 [ 0.10909036 -0.03863377  0.99328079]]
id: 0 , delta_t [[-0.01343952]
 [-0.42809489]
 [ 0.90363385]]
id: 0 , delta_R [[ 9.99999448e-01 -1.02160694e-03  2.45147891e-04]
 [ 1.02198912e-03  9.99998255e-01 -1.56394119e-03]
 [-2.43549730e-04  1.56419086e-03  9.99998747e-01]]
id: 0 , current state: States.Forward_correct_lane
id: 0 , cur_t [[  1.82923917]
 [-11.44732675]
 [ 21.36297199]]
id: 0 , cur_R [[ 0.9937261   0.01527684 -0.11079282]
 [-0.01090464  0.99914169  0.03996201]
 [ 0.11130822 -0.03850314  0.99303977]]
id: 0 , delta_t [[ 0.24922071]
 [-0.5363557 ]
 [ 0.80635699]]
id: 0 , delta_R [[ 9.99997358e-01 -5.47541428e-04 -2.23263963e-03]
 [ 5.47326885e-04  9.99999846e-01 -9.67035291e-05]
 [ 2.23269223e-03  9.54812899e-05  9.99997503e-01]]
id: 0 , current state: States.Forward_correct_lane
id: 0 , cur_t [[  2.47161495]
 [-12.07046242]
 [ 21.80912812]]
id: 0 , cur_R [[ 0.98496851  0.04266486 -0.16738201]
 [-0.02920217  0.99619749  0.08208411]
 [ 0.17024764 -0.07596234  0.98246906]]
id: 0 , delta_t [[ 0.6948015 ]
 [-0.62996576]
 [ 0.3469784 ]]
id: 0 , delta_R [[ 0.99798543  0.02519859 -0.05822463]
 [-0.02289454  0.99894113  0.03990562]
 [ 0.05916854 -0.0384922   0.99750561]]
id: 0 , current state: States.Forward_correct_lane
id: 0 , cur_t [[  2.34609872]
 [-12.46662943]
 [ 22.71868701]]
id: 0 , cur_R [[ 0.98492662  0.03985235 -0.16831919]
 [-0.02639581  0.99632856  0.08144113]
 [ 0.17094684 -0.07577062  0.98236245]]
id: 0 , delta_t [[ 0.04278966]
 [-0.46910794]
 [ 0.88210361]]
id: 0 , delta_R [[ 9.99995605e-01 -2.87751234e-03 -7.14243171e-04]
 [ 2.87739598e-03  9.99995847e-01 -1.63885490e-04]
 [ 7.14711787e-04  1.61829609e-04  9.99999731e-01]]
id: 0 , current state: States.Forward_correct_lane
id: 0 , cur_t [[  3.09472987]
 [-13.04099696]
 [ 23.04982648]]
id: 0 , cur_R [[ 0.96350572  0.08922279 -0.25238072]
 [-0.05404323  0.98823918  0.14304775]
 [ 0.26217563 -0.12418786  0.95699598]]
id: 0 , delta_t [[ 0.80911488]
 [-0.5675147 ]
 [ 0.15251285]]
id: 0 , delta_R [[ 0.99501868  0.04290854 -0.08998155]
 [-0.03792264  0.9976874   0.05640673]
 [ 0.09219379 -0.05271341  0.99434481]]
id: 0 , current state: States.Forward_correct_lane
id: 0 , cur_t [[  3.82604759]
 [-13.66237447]
 [ 23.33101037]]
id: 0 , cur_R [[ 0.93766725  0.13680316 -0.31947618]
 [-0.07215638  0.97586755  0.20609703]
 [ 0.33996116 -0.17019819  0.92491026]]
id: 0 , delta_t [[ 0.81192962]
 [-0.58373901]
 [-0.0043653 ]]
id: 0 , delta_R [[ 0.99628334  0.03881932 -0.0768932 ]
 [-0.03446837  0.99777182  0.05712548]
 [ 0.07893944 -0.05426278  0.99540148]]
id: 0 , current state: States.Forward_correct_lane
id: 0 , cur_t [[  3.63415045]
 [-13.98006271]
 [ 24.25958436]]
id: 0 , cur_R [[ 0.93632791  0.13718315 -0.32321948]
 [-0.07150082  0.97572567  0.20699527]
 [ 0.3437698  -0.17070499  0.92340789]]time=1639770930.535552 Pos: [1.8125  0.      0.43875] angle 0
time=1639770930.6178465 Pos: [1.8525  0.      0.43875] angle 0
time=1639770930.7017477 Pos: [1.8925  0.      0.43875] angle 0
time=1639770930.7833953 Pos: [1.9325  0.      0.43875] angle 0
time=1639770930.8669202 Pos: [1.9725  0.      0.43875] angle 0
time=1639770930.948992 Pos: [2.0125  0.      0.43875] angle 0
time=1639770931.037964 Pos: [2.0525  0.      0.43875] angle 0
time=1639770931.1195152 Pos: [2.0925  0.      0.43875] angle 0
time=1639770931.205221 Pos: [2.1325  0.      0.43875] angle 0
time=1639770931.2884483 Pos: [2.1725  0.      0.43875] angle 0
time=1639770931.3762155 Pos: [2.2125  0.      0.43875] angle 0
time=1639770931.470712 Pos: [2.2525  0.      0.43875] angle 0
time=1639770931.595628 Pos: [2.2925  0.      0.43875] angle 0
time=1639770931.6891506 Pos: [2.3325  0.      0.43875] angle 0
time=1639770931.7852752 Pos: [2.3725  0.      0.43875] angle 0
time=1639770931.869576 Pos: [2.4125  0.      0.43875] angle 0
time=1639770931.952246 Pos: [2.4525  0.      0.43875] angle 0

id: 0 , delta_t [[ 0.15866665]
 [-0.4943154 ]
 [ 0.85467958]]
id: 0 , delta_R [[ 9.99992025e-01 -3.04023790e-04 -3.98221365e-03]
 [ 3.08318106e-04  9.99999372e-01  1.07780446e-03]
 [ 3.98188347e-03 -1.07902365e-03  9.99991490e-01]]
id: 0 , current state: States.Forward_correct_lane
id: 0 , cur_t [[  3.9826816 ]
 [-14.5113567 ]
 [ 25.03175839]]
id: 0 , cur_R [[ 0.92564152  0.15119841 -0.34688157]
 [-0.07467105  0.97166208  0.22427002]
 [ 0.37096094 -0.18169163  0.9107009 ]]
id: 0 , delta_t [[ 0.62977751]
 [-0.60239855]
 [ 0.49040419]]
id: 0 , delta_R [[ 0.99956474  0.00954119 -0.0279159 ]
 [-0.00910936  0.99983751  0.01555548]
 [ 0.02805978 -0.01529442  0.99948923]]
id: 0 , current state: States.Forward_correct_lane
id: 0 , cur_t [[  4.17884677]
 [-15.0256553 ]
 [ 25.86663334]]
id: 0 , cur_R [[ 0.92352447  0.15129593 -0.35243737]
 [-0.07263688  0.97127213  0.22661496]
 [ 0.37659851 -0.18368451  0.90798324]]
id: 0 , delta_t [[ 0.52968783]
 [-0.62175437]
 [ 0.57693353]]
id: 0 , delta_R [[ 9.99982321e-01 -9.93162606e-04 -5.86273126e-03]
 [ 1.01053509e-03  9.99995106e-01  2.96098780e-03]
 [ 5.85976183e-03 -2.96685995e-03  9.99978430e-01]]
id: 0 , current state: States.Forward_correct_lane
id: 0 , cur_t [[  3.84178575]
 [-15.23637545]
 [ 26.78423178]]
id: 0 , cur_R [[ 0.92290062  0.15442757 -0.35271315]
 [-0.07557536  0.97088079  0.22732983]
 [ 0.37754842 -0.18314642  0.90769741]]
id: 0 , delta_t [[ 0.04958817]
 [-0.42421118]
 [ 0.90420456]]
id: 0 , delta_R [[ 9.99994864e-01  3.02450170e-03 -1.06057577e-03]
 [-3.02491219e-03  9.99995351e-01 -3.85648366e-04]
 [ 1.05940444e-03  3.88854534e-04  9.99999363e-01]]
id: 0 , current state: States.Forward_correct_lane
id: 0 , cur_t [[  3.48196886]
 [-15.47744632]
 [ 27.68557336]]
id: 0 , cur_R [[ 0.92325185  0.15349624 -0.35220013]
 [-0.07546559  0.97131687  0.22549606]
 [ 0.37671073 -0.18161066  0.90835378]]
id: 0 , delta_t [[ 0.02644388]
 [-0.45469421]
 [ 0.89025496]]
id: 0 , delta_R [[ 9.99999373e-01 -8.14133344e-04  7.68840679e-04]
 [ 8.15441692e-04  9.99998218e-01 -1.70293720e-03]
 [-7.67452891e-04  1.70356307e-03  9.99998254e-01]]
id: 0 , current state: States.Forward_correct_lane
id: 0 , cur_t [[  3.20715041]
 [-15.75565487]
 [ 28.60594003]]
id: 0 , cur_R [[ 0.923189    0.15242214 -0.3528308 ]
 [-0.07460705  0.97160879  0.22452203]
 [ 0.37703563 -0.18095261  0.90835031]]
id: 0 , delta_t [[ 0.11398053]
 [-0.47956066]
 [ 0.87007472]]
id: 0 , delta_R [[ 9.99999222e-01 -1.18076170e-03 -4.01477019e-04]
 [ 1.18051492e-03  9.99999114e-01 -6.14351059e-04]
 [ 4.02202066e-04  6.13876632e-04  9.99999731e-01]]
id: 0 , current state: States.Forward_correct_lane
id: 0 , cur_t [[  2.79207922]
 [-15.94538167]
 [ 29.49572633]]
id: 0 , cur_R [[ 0.92393323  0.14853383 -0.35254091]
 [-0.07150115  0.97235582  0.22228751]
 [ 0.37581242 -0.18017174  0.90901219]]
id: 0 , delta_t [[-0.03355306]
 [-0.40861542]
 [ 0.91208971]]
id: 0 , delta_R [[ 9.99992122e-01 -3.76835931e-03  1.24751782e-03]
 [ 3.76960024e-03  9.99992401e-01 -9.93873045e-04]
 [-1.24376307e-03  9.98567859e-04  9.99998728e-01]]
id: 0 , current state: States.Forward_correct_lane
id: 0 , cur_t [[  2.58758008]
 [-16.24153041]
 [ 30.42871937]]
id: 0 , cur_R [[ 0.92167108  0.15066674 -0.35752197]
 [-0.07213261  0.97199361  0.22366338]
 [ 0.3812077  -0.18035508  0.90672638]]
id: 0 , delta_t [[ 0.1828618 ]
 [-0.48643598]
 [ 0.8543662 ]]
id: 0 , delta_R [[ 0.99998276  0.00112847 -0.00576227]
 [-0.00112228  0.99999879  0.00107863]
 [ 0.00576348 -0.00107214  0.99998282]]
id: 0 , current state: States.Forward_correct_lane
id: 0 , cur_t [[  2.19756835]
 [-16.46500803]
 [ 31.32199906]]
id: 0 , cur_R [[ 0.92177255  0.1472808  -0.35866939]
 [-0.06897329  0.97257869  0.22211117]
 [ 0.38154692 -0.17999737  0.90665478]]
id: 0 , delta_t [[-0.00281741]
 [-0.43708814]
 [ 0.89941427]]
id: 0 , delta_R [[ 9.99993604e-01 -3.55507373e-03 -3.91043924e-04]
 [ 3.55495316e-03  9.99993634e-01 -3.08597257e-04]
 [ 3.92138521e-04  3.07205140e-04  9.99999876e-01]]
id: 0 , current state: States.Forward_correct_lane
id: 0 , cur_t [[  1.71919581]
 [-16.59658292]
 [ 32.19024313]]
id: 0 , cur_R [[ 0.92399784  0.14045402 -0.35566932]
 [-0.06488204  0.97420095  0.21615465]
 [ 0.37685318 -0.17664988  0.90927251]]
id: 0 , delta_t [[-0.10059968]
 [-0.35470367]
 [ 0.92955097]]
id: 0 , delta_R [[ 0.99996972 -0.00612671  0.00479788]
 [ 0.00614655  0.99997257 -0.0041315 ]
 [-0.00477243  0.00416087  0.99997996]]
id: 0 , current state: States.Forward_correct_lane
id: 0 , cur_t [[  1.3471476 ]
 [-16.83521666]
 [ 33.0872571 ]]
id: 0 , cur_R [[ 0.9238578   0.13968761 -0.35633431]
 [-0.06426857  0.97441822  0.21535712]
 [ 0.37730137 -0.17605825  0.90920139]]
id: 0 , delta_t [[ 0.00975387]
 [-0.44319029]
 [ 0.89637449]]
id: 0 , delta_R [[ 9.99999475e-01 -8.81295124e-04 -5.22047565e-04]
 [ 8.81017199e-04  9.99999470e-01 -5.32366104e-04]
 [ 5.22516460e-04  5.31905892e-04  9.99999722e-01]]
id: 0 , current state: States.Forward_correct_lane
id: 0 , cur_t [[  1.04419348]
 [-17.1056772 ]
 [ 34.00107869]]
id: 0 , cur_R [[ 0.92250166  0.13753248 -0.36065983]
 [-0.06086224  0.97450788  0.21594023]
 [ 0.38116464 -0.17725465  0.90735567]]
id: 0 , delta_t [[ 0.08228172]
 [-0.46674645]
 [ 0.8805552 ]]
id: 0 , delta_R [[ 0.9999874  -0.00294437 -0.00406501]
 [ 0.00295171  0.99999402  0.00179959]
 [ 0.00405969 -0.00181157  0.99999012]]
id: 0 , current state: States.Forward_correct_lane
id: 0 , cur_t [[  0.79358399]
 [-17.38427589]
 [ 34.9282128 ]]
id: 0 , cur_R [[ 0.92058575  0.14005037 -0.36456518]
 [-0.06208226  0.97409757  0.21743899]
 [ 0.38557447 -0.17753821  0.90543498]]
id: 0 , delta_t [[ 0.13915921]
 [-0.47030239]
 [ 0.8714645 ]]
id: 0 , delta_R [[ 9.99987369e-01  1.72699401e-03 -4.72013274e-03]
 [-1.72244511e-03  9.99998048e-01  9.67618520e-04]
 [ 4.72179460e-03 -9.59476129e-04  9.99988392e-01]]
id: 0 , current state: States.Forward_correct_lane
id: 0 , cur_t [[  0.43386631]
 [-17.6011369 ]
 [ 35.83572285]]
id: 0 , cur_R [[ 0.92025112  0.13786024 -0.36624096]
 [-0.0600149   0.97453909  0.21603651]
 [ 0.38669898 -0.17682793  0.90509435]]
id: 0 , delta_t [[ 0.03222497]
 [-0.42274009]
 [ 0.90567785]]
id: 0 , delta_R [[ 9.99996142e-01 -2.47700563e-03 -1.25749661e-03]
 [ 2.47631418e-03  9.99996782e-01 -5.51121357e-04]
 [ 1.25885770e-03  5.48005274e-04  9.99999057e-01]]
id: 0 , current state: States.Forward_correct_lane
id: 0 , cur_t [[  0.09427354]
 [-17.82645269]
 [ 36.74890933]]
id: 0 , cur_R [[ 0.91881663  0.13884465 -0.36945659]
 [-0.06017899  0.97441887  0.21653258]
 [ 0.39006986 -0.17672021  0.90366779]]
id: 0 , delta_t [[ 0.05413994]
 [-0.42787227]
 [ 0.90221627]]
id: 0 , delta_R [[ 9.99993316e-01  3.50742221e-04 -3.63923785e-03]
 [-3.49264081e-04  9.99999856e-01  4.06795005e-04]
 [ 3.63938001e-03 -4.05521231e-04  9.99993295e-01]]
id: 0 , current state: States.Forward_correct_lane
id: 0 , cur_t [[ -0.25768915]
 [-18.04167748]
 [ 37.65984322]]
id: 0 , cur_R [[ 0.91688671  0.1432504  -0.37255616]
 [-0.06365026  0.97390962  0.21782719]
 [ 0.39403986 -0.17600956  0.90208272]]
id: 0 , delta_t [[ 0.04489071]
 [-0.41956766]
 [ 0.90661337]]
id: 0 , delta_R [[ 9.99983629e-01  3.73802731e-03 -4.33236438e-03]
 [-3.73847026e-03  9.99993007e-01 -9.41477661e-05]
 [ 4.33198216e-03  1.10342640e-04  9.99990611e-01]]
id: 0 , current state: States.Forward_correct_lane
id: 0 , cur_t [[ -0.60491117]
 [-18.26673011]
 [ 38.57022127]]
id: 0 , cur_R [[ 0.9154025   0.14167569 -0.37678411]
 [-0.06111005  0.97407875  0.21779842]
 [ 0.39787414 -0.17634792  0.90033193]]
id: 0 , delta_t [[ 0.05468664]
 [-0.42915585]
 [ 0.90157342]]
id: 0 , delta_R [[ 9.99988721e-01 -2.36012063e-03 -4.12164131e-03]
 [ 2.36403550e-03  9.99996759e-01  9.45217565e-04]
 [ 4.11939713e-03 -9.54950610e-04  9.99991059e-01]]
id: 0 , current state: States.Forward_correct_lane
id: 0 , cur_t [[ -0.93018828]
 [-18.5099472 ]
 [ 39.48402663]]
id: 0 , cur_R [[ 0.91462597  0.14811796 -0.37619199]
 [-0.06749314  0.97335521  0.21914452]
 [ 0.39862767 -0.17504489  0.90025289]]
id: 0 , delta_t [[ 0.08068305]
 [-0.44414414]
 [ 0.8923151 ]]
id: 0 , delta_R [[ 9.99978772e-01  6.45169688e-03 -9.11936071e-04]
 [-6.45278933e-03  9.99978460e-01 -1.20013144e-03]
 [ 9.04173544e-04  1.20599050e-03  9.99998864e-01]]time=1639770932.0399559 Pos: [2.4925  0.      0.43875] angle 0
time=1639770932.1262527 Pos: [2.5325  0.      0.43875] angle 0
time=1639770932.209777 Pos: [2.5325  0.      0.43875] angle 0.046587467971115765
time=1639770932.2986517 Pos: [2.5325  0.      0.43875] angle 0.0
time=1639770932.3772037 Pos: [2.5325  0.      0.43875] angle -0.046587467971115765
time=1639770932.4564497 Pos: [2.5325  0.      0.43875] angle -0.09317493594223153
time=1639770932.5371537 Pos: [2.5325  0.      0.43875] angle -0.1397624039133473
time=1639770932.618915 Pos: [2.5325  0.      0.43875] angle -0.18634987188446306
time=1639770932.698595 Pos: [2.5325  0.      0.43875] angle -0.23293733985557882
time=1639770932.7788718 Pos: [2.5325  0.      0.43875] angle -0.2795248078266946
time=1639770932.86164 Pos: [2.5325  0.      0.43875] angle -0.3261122757978103
time=1639770932.94141 Pos: [2.5325  0.      0.43875] angle -0.3726997437689261
time=1639770933.0259259 Pos: [2.5325  0.      0.43875] angle -0.4192872117400419
time=1639770933.1025443 Pos: [2.5325  0.      0.43875] angle -0.4658746797111577
time=1639770933.1830533 Pos: [2.5325  0.      0.43875] angle -0.5124621476822735
time=1639770933.2571816 Pos: [2.5325  0.      0.43875] angle -0.5590496156533893
time=1639770933.3478882 Pos: [2.5325  0.      0.43875] angle -0.6056370836245051
time=1639770933.4212089 Pos: [2.5325  0.      0.43875] angle -0.6522245515956209
time=1639770933.4971318 Pos: [2.5325  0.      0.43875] angle -0.6988120195667367

id: 0 , current state: States.Forward_correct_lane
id: 0 , cur_t [[ -1.31930808]
 [-18.77533569]
 [ 40.36615742]]
id: 0 , cur_R [[ 0.91498609  0.14733433 -0.37562355]
 [-0.06702098  0.97351196  0.21859244]
 [ 0.39788019 -0.17483438  0.90062439]]
id: 0 , delta_t [[ 0.01365457]
 [-0.47036538]
 [ 0.88236612]]
id: 0 , delta_R [[ 9.99999467e-01 -6.62483088e-04  7.92466182e-04]
 [ 6.62749716e-04  9.99999724e-01 -3.36238248e-04]
 [-7.92243211e-04  3.36763276e-04  9.99999629e-01]]
id: 0 , current state: States.Forward_correct_lane
id: 0 , cur_t [[ -1.69538942]
 [-19.00014577]
 [ 41.26505856]]
id: 0 , cur_R [[ 0.91479331  0.15083606 -0.37470212]
 [-0.07116102  0.97333247  0.21808259]
 [ 0.39760446 -0.17283631  0.90113168]]
id: 0 , delta_t [[ 0.02861275]
 [-0.43142382]
 [ 0.90169551]]
id: 0 , delta_R [[ 9.99993426e-01  3.62330953e-03  1.40938959e-04]
 [-3.62300931e-03  9.99991284e-01 -2.07503959e-03]
 [-1.48456241e-04  2.07451532e-03  9.99997837e-01]]
id: 0 , current state: States.Forward_correct_lane
id: 0 , cur_t [[ -2.61445289]
 [-18.82094329]
 [ 40.91404743]]
id: 0 , cur_R [[ 0.90281684  0.16637039 -0.39653833]
 [-0.08434383  0.97272494  0.21608402]
 [ 0.42167271 -0.16163873  0.89222477]]
id: 0 , delta_t [[-0.99306894]
 [ 0.09646315]
 [ 0.06714872]]
id: 0 , delta_R [[ 0.99956921  0.01121023 -0.0271241 ]
 [-0.01140232  0.99991093 -0.00693751]
 [ 0.02704391  0.0072438   0.999608  ]]
id: 0 , current state: States.Change_lane_to_oncoming
id: 0 , cur_t [[ -1.66807851]
 [-19.13722271]
 [ 40.84814697]]
id: 0 , cur_R [[ 0.9215626   0.14261007 -0.36108827]
 [-0.0620252   0.97222583  0.22567635]
 [ 0.38324307 -0.18557831  0.90481238]]
id: 0 , delta_t [[ 0.85329051]
 [-0.13955214]
 [-0.50241467]]
id: 0 , delta_R [[ 0.99891367 -0.01703316  0.04337458]
 [ 0.01626287  0.99970481  0.01805034]
 [-0.04366924 -0.01732533  0.99889581]]
id: 0 , current state: States.Change_lane_to_oncoming
id: 0 , cur_t [[ -0.74608105]
 [-19.26597164]
 [ 40.48298346]]
id: 0 , cur_R [[ 0.94664924  0.10350321 -0.30519223]
 [-0.03503443  0.97446048  0.22180927]
 [ 0.32035574 -0.19928334  0.92609846]]
id: 0 , delta_t [[ 0.71771768]
 [ 0.07407951]
 [-0.69238253]]
id: 0 , delta_R [[ 0.99735847 -0.02696229  0.0674471 ]
 [ 0.02658873  0.99962578  0.00643035]
 [-0.06759524 -0.00462003  0.99770213]]
id: 0 , current state: States.Change_lane_to_oncoming
id: 0 , cur_t [[  0.12808535]
 [-19.73335894]
 [ 40.6148251 ]]
id: 0 , cur_R [[ 0.95453269  0.09899569 -0.2811889 ]
 [-0.02573925  0.96709712  0.25310208]
 [ 0.29699299 -0.23435662  0.92567389]]
id: 0 , delta_t [[ 0.88613984]
 [-0.39124527]
 [-0.2483613 ]]
id: 0 , delta_R [[ 9.99670687e-01  6.55573647e-04  2.56532289e-02]
 [-1.51317381e-03  9.99440070e-01  3.34253803e-02]
 [-2.56169521e-02 -3.34531907e-02  9.99111934e-01]]
id: 0 , current state: States.Change_lane_to_oncoming
id: 0 , cur_t [[  0.93951838]
 [-20.29082717]
 [ 40.79034033]]
id: 0 , cur_R [[ 0.94886155  0.13387885 -0.28589895]
 [-0.0337142   0.94341896  0.32988485]
 [ 0.3138871  -0.3033762   0.8996876 ]]
id: 0 , delta_t [[ 0.84101496]
 [-0.49993071]
 [-0.20679246]]
id: 0 , delta_R [[ 0.99936441  0.03268924 -0.01421936]
 [-0.03154685  0.99674008  0.07425644]
 [ 0.01660039 -0.07376067  0.9971378 ]]
id: 0 , current state: States.Change_lane_to_oncoming
id: 0 , cur_t [[  1.84152112]
 [-20.70575056]
 [ 40.90962847]]
id: 0 , cur_R [[ 0.95522529  0.13271712 -0.26444433]
 [-0.03075646  0.93345412  0.35737578]
 [ 0.29427653 -0.33324101  0.8957409 ]]
id: 0 , delta_t [[ 0.90730753]
 [-0.30687668]
 [-0.28743652]]
id: 0 , delta_R [[ 0.99974893  0.00576702  0.0216524 ]
 [-0.00638722  0.9995681   0.02868473]
 [-0.02147762 -0.02881583  0.99935397]]
id: 0 , current state: States.Change_lane_to_oncoming
id: 0 , cur_t [[  2.68878736]
 [-21.19703935]
 [ 41.11155725]]
id: 0 , cur_R [[ 0.95123569  0.16411685 -0.26118254]
 [-0.04366961  0.9098377   0.41266007]
 [ 0.3053582  -0.38113124  0.87263701]]
id: 0 , delta_t [[ 0.88386335]
 [-0.41343976]
 [-0.21875359]]
id: 0 , delta_R [[ 0.99949375  0.0305986  -0.00871601]
 [-0.03008889  0.99810958  0.05359033]
 [ 0.01033932 -0.05330094  0.99852497]]
id: 0 , current state: States.Change_lane_to_oncoming
id: 0 , cur_t [[  3.57430762]
 [-21.6232325 ]
 [ 41.29652557]]
id: 0 , cur_R [[ 0.94868064  0.18693685 -0.25506794]
 [-0.05367004  0.89004991  0.45269271]
 [ 0.31164814 -0.4157713   0.85440603]]
id: 0 , delta_t [[ 0.91743175]
 [-0.31293499]
 [-0.24574513]]
id: 0 , delta_R [[ 0.99971767  0.02339732 -0.00414179]
 [-0.0232161   0.99895291  0.03942199]
 [ 0.00505982 -0.03931471  0.99921407]]
id: 0 , current state: States.Change_lane_to_oncoming
id: 0 , cur_t [[  4.50927936]
 [-21.79320789]
 [ 41.60787136]]
id: 0 , cur_R [[ 0.95459827  0.17051584 -0.24426725]
 [-0.04138471  0.88793259  0.4581081 ]
 [ 0.29500753 -0.42720027  0.85467566]]
id: 0 , delta_t [[ 0.99314252]
 [-0.10595456]
 [-0.04941221]]
id: 0 , delta_R [[ 0.99978934 -0.01004372  0.01789978]
 [ 0.00987776  0.99990763  0.00933597]
 [-0.01799189 -0.00915719  0.9997962 ]]
id: 0 , current state: States.Change_lane_to_oncoming
id: 0 , cur_t [[  4.60035734]
 [-21.50559392]
 [ 40.65446536]]
id: 0 , cur_R [[ 0.9836749   0.06832647 -0.16647881]
 [ 0.00721508  0.90939654  0.41586761]
 [ 0.17981002 -0.41027968  0.89405757]]
id: 0 , delta_t [[-0.20622189]
 [ 0.67820735]
 [-0.70534198]]
id: 0 , delta_R [[ 0.99133042 -0.05630509  0.11871703]
 [ 0.06037118  0.99769655 -0.03093402]
 [-0.11670183  0.03783293  0.99244615]]
id: 0 , current state: States.Change_lane_to_oncoming
id: 0 , cur_t [[  5.56478082]
 [-21.60663942]
 [ 40.89875443]]
id: 0 , cur_R [[ 0.98406378  0.06405044 -0.16587956]
 [ 0.01287276  0.90476371  0.4257193 ]
 [ 0.17734931 -0.42107027  0.88952069]]
id: 0 , delta_t [[ 0.99187574]
 [-0.12622162]
 [ 0.01583087]]
id: 0 , delta_R [[ 0.9999906  -0.00363659  0.00236006]
 [ 0.00360868  0.99992474  0.01172605]
 [-0.00240252 -0.01171742  0.99992846]]
id: 0 , current state: States.Change_lane_to_oncoming
id: 0 , cur_t [[  6.02191579]
 [-22.1085421 ]
 [ 40.16450562]]
id: 0 , cur_R [[ 0.99638601  0.03882558 -0.07554793]
 [-0.00339177  0.90689689  0.42133897]
 [ 0.08487291 -0.41956002  0.90375106]]
id: 0 , delta_t [[ 0.31317057]
 [-0.11565329]
 [-0.94262851]]
id: 0 , delta_R [[ 0.99552603  0.015792    0.09315863]
 [-0.0151421   0.99985586 -0.00767911]
 [-0.09326647  0.00623414  0.99562167]]
id: 0 , current state: States.Change_lane_to_oncoming
id: 0 , cur_t [[  5.79934208]
 [-21.61421774]
 [ 41.00480579]]
id: 0 , cur_R [[ 0.99997448 -0.00656643  0.00281482]
 [ 0.0047553   0.90579119  0.42369766]
 [-0.00533182 -0.42367346  0.9057993 ]]
id: 0 , delta_t [[-0.15212725]
 [ 0.08710331]
 [ 0.98451527]]
id: 0 , delta_R [[ 0.99589298 -0.00816076  0.09016965]
 [ 0.0078965   0.99996342  0.00328704]
 [-0.09019318 -0.00256151  0.995921  ]]
id: 0 , current state: States.Change_lane_to_oncoming
id: 0 , cur_t [[  6.72486883]
 [-21.58720728]
 [ 41.38252351]]
id: 0 , cur_R [[ 0.92315     0.15418876 -0.35216459]
 [ 0.0432769   0.86854341  0.49372002]
 [ 0.38199631 -0.47101823  0.79512304]]
id: 0 , delta_t [[ 0.92361764]
 [-0.14164055]
 [ 0.35618591]]
id: 0 , delta_R [[ 0.92112269 -0.00515863 -0.3892382 ]
 [ 0.0389623   0.99611278  0.07900171]
 [ 0.3873176  -0.08793588  0.91774308]]
id: 0 , current state: States.Change_lane_to_oncoming
id: 0 , cur_t [[  7.39692969]
 [-21.47758501]
 [ 42.11486029]]
id: 0 , cur_R [[ 0.94767219  0.11115801 -0.29926796]
 [ 0.05476665  0.86692035  0.49542883]
 [ 0.31451236 -0.48589403  0.81546855]]
id: 0 , delta_t [[ 0.90490705]
 [-0.14610803]
 [ 0.39974452]]
id: 0 , delta_R [[ 0.99737448 -0.01019671  0.07169499]
 [ 0.00975472  0.99993122  0.00651225]
 [-0.07175646 -0.00579579  0.99740534]]
id: 0 , current state: States.Change_lane_to_oncoming
id: 0 , cur_t [[  8.13441496]
 [-21.96412647]
 [ 41.64646636]]
id: 0 , cur_R [[ 0.96914715  0.06157334 -0.23866822]
 [ 0.06749115  0.8649978   0.49721599]
 [ 0.23706273 -0.49798346  0.8341545 ]]
id: 0 , delta_t [[ 0.52493236]
 [-0.11222548]
