False: Incorrect solution execution: Stopping the simulator because we are at an invalid pose.
time=1640116286.3005764 gym-duckietown 2019.0.0

time=1640116286.5713296 Registering gym environment id: Duckietown-4way-v0
time=1640116286.571484 Registering gym environment id: Duckietown-loop_dyn_duckiebots-v0
time=1640116286.5715878 Registering gym environment id: Duckietown-loop_empty-v0
time=1640116286.5716813 Registering gym environment id: Duckietown-loop_obstacles-v0
time=1640116286.5717678 Registering gym environment id: Duckietown-loop_pedestrians-v0
time=1640116286.5718954 Registering gym environment id: Duckietown-small_loop-v0
time=1640116286.5720081 Registering gym environment id: Duckietown-small_loop_cw-v0
time=1640116286.5721083 Registering gym environment id: Duckietown-straight_road-v0
time=1640116286.572202 Registering gym environment id: Duckietown-straight_road_10_tiles_no_start_tile-v0
time=1640116286.572316 Registering gym environment id: Duckietown-straight_road_no_start_tile-v0
time=1640116286.5724237 Registering gym environment id: Duckietown-straight_road_trafficlight-v0
time=1640116286.572533 Registering gym environment id: Duckietown-straight_road_with_side_floor-v0
time=1640116286.5726268 Registering gym environment id: Duckietown-udem1-v0
time=1640116286.5727146 Registering gym environment id: Duckietown-zigzag_dists-v0
time=1640116288.4962447 Falling back to non-multisampled frame buffer
time=1640116288.500576 Falling back to non-multisampled frame buffer
time=1640116288.5050936 loading map file "/home/appuser/aido-auto/gym-duckietown/gym_duckietown/maps/straight_road.yaml"
time=1640116288.5121374 loading mesh "duckiebot.obj"
time=1640116288.5124278 loading materials from "/home/appuser/aido-auto/gym-duckietown/gym_duckietown/meshes/duckiebot.mtl"
time=1640116288.929341 loading texture "straight_1.png"
time=1640116288.9469414 road_tile_size=0.585
time=1640116288.9474447 Starting at [0.2925  0.      0.43875] 0
time=1640116288.947753 Pos: [0.2925  0.      0.43875] angle 0
time=1640116289.117108 using DuckietownEnv
/usr/local/lib/python3.6/dist-packages/gym/spaces/box.py:74: UserWarning: [33mWARN: Box bound precision lowered by casting to float32[0m
  "Box bound precision lowered by casting to {}".format(self.dtype)
time=1640116289.1185684 loading mesh "duckie.obj"
time=1640116289.1674647 loading texture "duckie.png"
time=1640116289.803926 Pos: [0.2925  0.      0.43875] angle 0
time=1640116290.0818322 Pos: [0.3325  0.      0.43875] angle 0
time=1640116290.2021616 Pos: [0.3725  0.      0.43875] angle 0
time=1640116290.3439987 Pos: [0.4125  0.      0.43875] angle 0
time=1640116290.4535584 Pos: [0.4525  0.      0.43875] angle 0
time=1640116290.573663 Pos: [0.4925  0.      0.43875] angle 0
time=1640116290.690945 Pos: [0.5325  0.      0.43875] angle 0
time=1640116290.7997983 Pos: [0.5725  0.      0.43875] angle 0
time=1640116290.9182918 Pos: [0.6125  0.      0.43875] angle 0
time=1640116291.044172 Pos: [0.6525  0.      0.43875] angle 0
time=1640116291.1702518 Pos: [0.6925  0.      0.43875] angle 0
time=1640116291.2942047 Pos: [0.7325  0.      0.43875] angle 0
time=1640116291.405849 Pos: [0.7725  0.      0.43875] angle 0
time=1640116291.5188222 Pos: [0.8125  0.      0.43875] angle 0
time=1640116291.6382418 Pos: [0.8525  0.      0.43875] angle 0
time=1640116291.7643995 Pos: [0.8925  0.      0.43875] angle 0
time=1640116291.8755982 Pos: [0.9325  0.      0.43875] angle 0
time=1640116291.999168 Pos: [0.9725  0.      0.43875] angle 0
time=1640116292.118534 Pos: [1.0125  0.      0.43875] angle 0
env.road_tile_size = 0.585
id: 0 , cur_t None
id: 0 , cur_R None
id: 0 , delta_t None
id: 0 , delta_R None
id: 0 , current state: States.Forward_correct_lane
id: 1 , cur_t [[-0.08111181]
 [-0.39934825]
 [ 0.91320416]]
id: 1 , cur_R [[ 9.99996213e-01  1.22568473e-03  2.46425119e-03]
 [-1.22508515e-03  9.99999220e-01 -2.44806042e-04]
 [-2.46454933e-03  2.41786197e-04  9.99996934e-01]]
id: 1 , delta_t None
id: 1 , delta_R None
id: 1 , current state: States.Forward_correct_lane
id: 2 , cur_t [[-0.06832259]
 [-0.8501193 ]
 [ 1.80575214]]
id: 2 , cur_R [[ 0.99997491  0.00699745  0.00109877]
 [-0.00699593  0.99997457 -0.00138159]
 [-0.00110841  0.00137387  0.99999844]]
id: 2 , delta_t [[ 0.01114167]
 [-0.45053922]
 [ 0.89268711]]
id: 2 , delta_R [[ 0.99998241  0.00577212 -0.00136403]
 [-0.00577365  0.9999827  -0.00112256]
 [ 0.00135753  0.00113042  0.99999844]]
id: 2 , current state: States.Forward_correct_lane
id: 3 , cur_t [[-0.10645668]
 [-1.27735383]
 [ 2.70908844]]
id: 3 , cur_R [[ 9.99987546e-01 -7.30397614e-04  4.93701732e-03]
 [ 7.34860050e-04  9.99999323e-01 -9.02119246e-04]
 [-4.93635508e-03  9.05736028e-04  9.99987406e-01]]
id: 3 , delta_t [[-0.0361455 ]
 [-0.42624944]
 [ 0.90388325]]
id: 3 , delta_R [[ 9.99962774e-01 -7.73303948e-03  3.82760971e-03]
 [ 7.73129275e-03  9.99970002e-01  4.70934530e-04]
 [-3.83113664e-03 -4.41324628e-04  9.99992564e-01]]
id: 3 , current state: States.Forward_correct_lane
id: 4 , cur_t [[-0.07793912]
 [-1.73651376]
 [ 3.59698421]]
id: 4 , cur_R [[ 9.99986126e-01 -6.81486494e-05  5.26711068e-03]
 [ 7.25528366e-05  9.99999648e-01 -8.35981038e-04]
 [-5.26705185e-03  8.36351584e-04  9.99985779e-01]]
id: 4 , delta_t [[ 0.02379682]
 [-0.45837625]
 [ 0.8884396 ]]
id: 4 , delta_R [[ 9.99999726e-01  6.61949689e-04  3.30696029e-04]
 [-6.61972676e-04  9.99999778e-01  6.94070531e-05]
 [-3.30650012e-04 -6.96259458e-05  9.99999943e-01]]
id: 4 , current state: States.Forward_correct_lane
id: 5 , cur_t [[-0.04057304]
 [-2.19498945]
 [ 4.48490527]]
id: 5 , cur_R [[ 0.99998257  0.00162589  0.00567626]
 [-0.00161933  0.99999802 -0.00116002]
 [-0.00567813  0.00115081  0.99998322]]
id: 5 , delta_t [[ 0.03265557]
 [-0.45773546]
 [ 0.88848852]]
id: 5 , delta_R [[ 9.99998481e-01  1.69369787e-03  4.10577311e-04]
 [-1.69356855e-03  9.99998516e-01 -3.15122923e-04]
 [-4.11110425e-04  3.14427104e-04  9.99999866e-01]]
id: 5 , current state: States.Forward_correct_lane
id: 6 , cur_t [[-0.0136822 ]
 [-2.65537699]
 [ 5.37221593]]
id: 6 , cur_R [[ 9.99979512e-01  1.66307897e-04  6.39905193e-03]
 [-1.62118156e-04  9.99999772e-01 -6.55257099e-04]
 [-6.39915945e-03  6.54206272e-04  9.99979311e-01]]
id: 6 , delta_t [[ 0.02259763]
 [-0.45932178]
 [ 0.88798246]]
id: 6 , delta_R [[ 9.99998674e-01 -1.46041483e-03  7.21119198e-04]
 [ 1.46005701e-03  9.99998811e-01  4.96480645e-04]
 [-7.21843408e-04 -4.95427112e-04  9.99999617e-01]]
id: 6 , current state: States.Forward_correct_lane
id: 7 , cur_t [[-0.01879228]
 [-3.10024224]
 [ 6.26779886]]
id: 7 , cur_R [[ 9.99957707e-01 -2.45006783e-03  8.86466457e-03]
 [ 2.45682276e-03  9.99996700e-01 -7.51196561e-04]
 [-8.86279483e-03  7.72943700e-04  9.99960426e-01]]
id: 7 , delta_t [[-0.01076883]
 [-0.4442801 ]
 [ 0.89582321]]
id: 7 , delta_R [[ 9.99993537e-01 -2.61798721e-03  2.46398952e-03]
 [ 2.61827283e-03  9.99996566e-01 -1.12698507e-04]
 [-2.46368601e-03  1.19149175e-04  9.99996958e-01]]
id: 7 , current state: States.Forward_correct_lane
id: 8 , cur_t [[-0.03057019]
 [-3.536248  ]
 [ 7.16766567]]
id: 8 , cur_R [[ 9.99981020e-01  4.27202403e-03  4.43963268e-03]
 [-4.26924492e-03  9.99990685e-01 -6.35267272e-04]
 [-4.44230520e-03  6.16301335e-04  9.99989943e-01]]
id: 8 , delta_t [[-0.02082393]
 [-0.43527991]
 [ 0.90005431]]
id: 8 , delta_R [[ 9.99967616e-01  6.72545103e-03 -4.41986759e-03]
 [-6.72474080e-03  9.99977373e-01  1.75531809e-04]
 [ 4.42094811e-03 -1.45803661e-04  9.99990217e-01]]
id: 8 , current state: States.Forward_correct_lane
id: 9 , cur_t [[ 0.08673836]
 [-4.04864066]
 [ 8.01836682]]
id: 9 , cur_R [[ 9.99981020e-01  4.27202403e-03  4.43963268e-03]
 [-4.26924492e-03  9.99990685e-01 -6.35267272e-04]
 [-4.44230520e-03  6.16301335e-04  9.99989943e-01]]
id: 9 , delta_t [[ 0.11571478]
 [-0.51136246]
 [ 0.85153892]]
id: 9 , delta_R [[ 1.00000000e+00  4.00859901e-14  2.43971510e-14]
 [-4.01692568e-14  1.00000000e+00  2.38142839e-14]
 [-2.43693954e-14 -2.38142839e-14  1.00000000e+00]]
id: 9 , current state: States.Forward_correct_lane
id: 10 , cur_t [[ 0.11572586]
 [-4.50853109]
 [ 8.90586923]]
id: 10 , cur_R [[ 0.99997289  0.00567875  0.00468732]
 [-0.00566994  0.99998214 -0.00189006]
 [-0.00469797  0.00186343  0.99998723]]
id: 10 , delta_t [[ 0.02700777]
 [-0.45921534]
 [ 0.88791433]]
id: 10 , delta_R [[ 9.99998980e-01  1.40659166e-03  2.48589055e-04]
 [-1.40628023e-03  9.99998232e-01 -1.24856339e-03]
 [-2.50344835e-04  1.24821253e-03  9.99999190e-01]]
id: 10 , current state: States.Forward_correct_lane
id: 11 , cur_t [[ 0.15762481]
 [-4.98054271]
 [ 9.78646534]]
id: 11 , cur_R [[ 9.99961286e-01  6.89984429e-03  5.46059722e-03]
 [-6.89514831e-03  9.99975842e-01 -8.78334882e-04]
 [-5.46652567e-03  8.40649251e-04  9.99984705e-01]]
id: 11 , delta_t [[ 0.04043707]
 [-0.47012432]
 [ 0.88167339]]
id: 11 , delta_R [[ 9.99998955e-01  1.21967529e-03  7.75596130e-04]
 [-1.22046416e-03  9.99998738e-01  1.01745679e-03]
 [-7.74354184e-04 -1.01840231e-03  9.99999182e-01]]
id: 11 , current state: States.Forward_correct_lane
id: 12 , cur_t [[ 0.18847375]
 [-5.43541262]
 [10.67648877]]
id: 12 , cur_R [[ 9.99976828e-01  4.99709531e-03  4.62308718e-03]
 [-4.99275687e-03  9.99987085e-01 -9.49494596e-04]
 [-4.62777219e-03  9.26390643e-04  9.99988863e-01]]
id: 12 , delta_t [[ 0.02911881]
 [-0.45389787]
 [ 0.8905778 ]]
id: 12 , delta_R [[ 9.99997839e-01 -1.90207455e-03 -8.39181730e-04]
 [ 1.90200678e-03  9.99998188e-01 -8.15486454e-05]
 [ 8.39335321e-04  7.99523398e-05  9.99999645e-01]]
id: 12 , current state: States.Forward_correct_lane
id: 13 , cur_t [[ 0.19265421]
 [-5.8802572 ]
 [11.5720868 ]]
id: 13 , cur_R [[ 9.99929530e-01  9.63873291e-03  6.93034625e-03]
 [-9.63358336e-03  9.99953295e-01 -7.76043878e-04]
 [-6.93750264e-03  7.09225122e-04  9.99975684e-01]]
id: 13 , delta_t [[ 0.00225674]
 [-0.44398827]
 [ 0.89602975]]
id: 13 , delta_R [[ 9.99986565e-01  4.63962307e-03  2.31175222e-03]
 [-4.64008592e-03  9.99989216e-01  1.94894170e-04]
 [-2.31082306e-03 -2.05618280e-04  9.99997309e-01]]
id: 13 , current state: States.Forward_correct_lane
id: 14 , cur_t [[ 0.22870337]
 [-6.34304182]
 [12.45782426]]
id: 14 , cur_R [[ 9.99950480e-01  7.92103748e-03  6.02452102e-03]
 [-7.91527801e-03  9.99968194e-01 -9.79247721e-04]
 [-6.03208607e-03  9.31513470e-04  9.99981373e-01]]
id: 14 , delta_t [[ 0.03436009]
 [-0.46178735]
 [ 0.8863249 ]]
id: 14 , delta_R [[ 9.99998114e-01 -1.71711407e-03 -9.07166768e-04]
 [ 1.71691959e-03  9.99998503e-01 -2.15109082e-04]
 [ 9.07534777e-04  2.13551144e-04  9.99999565e-01]]
id: 14 , current state: States.Forward_correct_lane
id: 15 , cur_t [[ 0.18843333]
 [-6.76537667]
 [13.36336918]]
id: 15 , cur_R [[ 0.9999581   0.00568216  0.00717727]
 [-0.00566834  0.99998204 -0.00194445]
 [-0.00718819  0.00190368  0.99997235]]
id: 15 , delta_t [[-0.04238748]
 [-0.42179688]
 [ 0.90569901]]
id: 15 , delta_R [[ 9.99996829e-01 -2.23999856e-03  1.15060028e-03]
 [ 2.24112509e-03  9.99997010e-01 -9.78723667e-04]
 [-1.14840449e-03  9.81299203e-04  9.99998859e-01]]
id: 15 , current state: States.Forward_correct_lane
id: 16 , cur_t [[ 0.19170188]
 [-7.20864465]
 [14.25975236]]
id: 16 , cur_R [[ 0.99995861 -0.00121706  0.00901653]
 [ 0.00123282  0.99999772 -0.00174241]
 [-0.00901439  0.00175345  0.99995783]]
id: 16 , delta_t [[-6.62370373e-04]
 [-4.41535019e-01]
 [ 8.97243773e-01]]
id: 16 , delta_R [[ 9.99974509e-01 -6.90267298e-03  1.82606519e-03]
 [ 6.90240602e-03  9.99976166e-01  1.52454743e-04]
 [-1.82707401e-03 -1.39846614e-04  9.99998321e-01]]
id: 16 , current state: States.Forward_correct_lane
id: 17 , cur_t [[ 0.23640595]
 [-7.67460888]
 [15.14342588]]
id: 17 , cur_R [[ 0.99996436 -0.00330461  0.00776876]
 [ 0.00332095  0.9999923  -0.00209193]
 [-0.00776179  0.00211765  0.99996763]]
id: 17 , delta_t [[ 0.036162  ]
 [-0.46446809]
 [ 0.88485123]]time=1640116292.2297847 Pos: [1.0525  0.      0.43875] angle 0
time=1640116292.3452291 Pos: [1.0925  0.      0.43875] angle 0
time=1640116292.4644508 Pos: [1.1325  0.      0.43875] angle 0
time=1640116292.5879912 Pos: [1.1725  0.      0.43875] angle 0
time=1640116292.7281659 Pos: [1.2125  0.      0.43875] angle 0
time=1640116292.8654132 Pos: [1.2525  0.      0.43875] angle 0
time=1640116292.9850788 Pos: [1.2925  0.      0.43875] angle 0
time=1640116293.1076808 Pos: [1.3325  0.      0.43875] angle 0
time=1640116293.222861 Pos: [1.3725  0.      0.43875] angle 0
time=1640116293.3328145 Pos: [1.4125  0.      0.43875] angle 0
time=1640116293.4498506 Pos: [1.4525  0.      0.43875] angle 0
time=1640116293.5631678 Pos: [1.4925  0.      0.43875] angle 0
time=1640116293.681323 Pos: [1.5325  0.      0.43875] angle 0
time=1640116293.8008428 Pos: [1.5725  0.      0.43875] angle 0
time=1640116293.921435 Pos: [1.6125  0.      0.43875] angle 0
time=1640116294.0540452 Pos: [1.6525  0.      0.43875] angle 0
time=1640116294.1678448 Pos: [1.6925  0.      0.43875] angle 0

id: 17 , delta_R [[ 9.99997043e-01 -2.08536273e-03 -1.25142681e-03]
 [ 2.08490328e-03  9.99997759e-01 -3.68332993e-04]
 [ 1.25219211e-03  3.65722799e-04  9.99999149e-01]]
id: 17 , current state: States.Forward_correct_lane
id: 18 , cur_t [[ 0.25996585]
 [-8.13142779]
 [16.03267354]]
id: 18 , cur_R [[ 9.99963397e-01 -2.10496444e-03  8.29298419e-03]
 [ 2.10954368e-03  9.99997627e-01 -5.43473186e-04]
 [-8.29182052e-03  5.60947705e-04  9.99965465e-01]]
id: 18 , delta_t [[ 0.01513983]
 [-0.45501014]
 [ 0.89035755]]
id: 18 , delta_R [[ 9.99999143e-01  1.19853596e-03  5.26754373e-04]
 [-1.19935526e-03  9.99998067e-01  1.55781685e-03]
 [-5.24886255e-04 -1.55844728e-03  9.99998648e-01]]
id: 18 , current state: States.Forward_correct_lane
id: 19 , cur_t [[ 0.27483443]
 [-8.58349645]
 [16.92453276]]
id: 19 , cur_R [[ 9.99966088e-01 -3.67465326e-03  7.37023381e-03]
 [ 3.67987812e-03  9.99992987e-01 -6.95477659e-04]
 [-7.36762649e-03  7.22575635e-04  9.99972598e-01]]
id: 19 , delta_t [[ 0.00651924]
 [-0.45159859]
 [ 0.89219741]]
id: 19 , delta_R [[ 9.99998342e-01 -1.56917793e-03 -9.23621333e-04]
 [ 1.56902616e-03  9.99998755e-01 -1.65022757e-04]
 [ 9.23879134e-04  1.63573298e-04  9.99999560e-01]]
id: 19 , current state: States.Forward_correct_lane
id: 20 , cur_t [[ 0.29305898]
 [-9.03222878]
 [17.81801312]]
id: 20 , cur_R [[ 9.99960077e-01 -4.96338734e-03  7.43027482e-03]
 [ 4.96707108e-03  9.99987550e-01 -4.77402095e-04]
 [-7.42781278e-03  5.14289739e-04  9.99972281e-01]]
id: 20 , delta_t [[ 0.00998982]
 [-0.44815055]
 [ 0.89390228]]
id: 20 , delta_R [[ 9.99999168e-01 -1.28878891e-03  5.91524345e-05]
 [ 1.28877655e-03  9.99999148e-01  2.08582102e-04]
 [-5.94212024e-05 -2.08505694e-04  9.99999976e-01]]
id: 20 , current state: States.Forward_correct_lane
id: 21 , cur_t [[ 0.35254579]
 [-9.48893816]
 [18.70563796]]
id: 21 , cur_R [[ 0.99996105 -0.00650403  0.00596654]
 [ 0.00651086  0.99997817 -0.00112585]
 [-0.00595909  0.00116465  0.99998157]]
id: 21 , delta_t [[ 0.05062281]
 [-0.45654245]
 [ 0.88826028]]
id: 21 , delta_R [[ 9.99997742e-01 -1.53991813e-03 -1.46449545e-03]
 [ 1.53895302e-03  9.99998598e-01 -6.59902919e-04]
 [ 1.46550960e-03  6.57647639e-04  9.99998710e-01]]
id: 21 , current state: States.Forward_correct_lane
id: 22 , cur_t [[ 0.3761063 ]
 [-9.9381227 ]
 [19.59876626]]
id: 22 , cur_R [[ 9.99899817e-01 -1.12945790e-02  8.53166938e-03]
 [ 1.12981904e-02  9.99936103e-01 -3.75218787e-04]
 [-8.52688630e-03  4.71573622e-04  9.99963534e-01]]
id: 22 , delta_t [[ 0.01531279]
 [-0.44828779]
 [ 0.89375812]]
id: 22 , delta_R [[ 9.99985233e-01 -4.79373276e-03  2.55986931e-03]
 [ 4.79189890e-03  9.99988258e-01  7.22041463e-04]
 [-2.56330053e-03 -7.09764166e-04  9.99996463e-01]]
id: 22 , current state: States.Forward_correct_lane
id: 23 , cur_t [[  0.46514339]
 [-10.42340362]
 [ 20.46857936]]
id: 23 , cur_R [[ 9.99861499e-01 -1.44827955e-02  8.19946674e-03]
 [ 1.44768356e-02  9.99894896e-01  7.85747491e-04]
 [-8.20998477e-03 -6.66936332e-04  9.99966075e-01]]
id: 23 , delta_t [[ 0.07612857]
 [-0.48584536]
 [ 0.8707231 ]]
id: 23 , delta_R [[ 9.99994862e-01 -3.18832106e-03 -3.33367278e-04]
 [ 3.18869716e-03  9.99994273e-01  1.13380056e-03]
 [ 3.29750449e-04 -1.13485775e-03  9.99999302e-01]]
id: 23 , current state: States.Forward_correct_lane
id: 24 , cur_t [[  0.49708025]
 [-10.87753796]
 [ 21.35893998]]
id: 24 , cur_R [[ 0.99977878 -0.01902901  0.00895998]
 [ 0.01900955  0.99981677  0.00225223]
 [-0.0090012  -0.00208141  0.99995732]]
id: 24 , delta_t [[ 0.01804816]
 [-0.45514296]
 [ 0.89023545]]
id: 24 , delta_R [[ 9.99989373e-01 -4.54633469e-03  7.64199654e-04]
 [ 4.54523913e-03  9.99988649e-01  1.42927615e-03]
 [-7.70688947e-04 -1.42578749e-03  9.99998687e-01]]
id: 24 , current state: States.Forward_correct_lane
id: 25 , cur_t [[  0.53410271]
 [-11.32269598]
 [ 22.25362633]]
id: 25 , cur_R [[ 0.99970289 -0.02259229  0.00914945]
 [ 0.02257066  0.99974222  0.00246056]
 [-0.00920268 -0.00225332  0.99995512]]
id: 25 , delta_t [[ 0.02049877]
 [-0.44764316]
 [ 0.89397729]]
id: 25 , delta_R [[ 9.99993631e-01 -3.56364353e-03  1.97559060e-04]
 [ 3.56360869e-03  9.99993635e-01  1.76418185e-04]
 [-1.98186494e-04 -1.75713038e-04  9.99999965e-01]]
id: 25 , current state: States.Forward_correct_lane
id: 26 , cur_t [[  0.58869023]
 [-11.78742732]
 [ 23.13739383]]
id: 26 , cur_R [[ 0.99970996 -0.02270204  0.00803788]
 [ 0.02267778  0.99973803  0.00309685]
 [-0.00810608 -0.00291367  0.9999629 ]]
id: 26 , delta_t [[ 0.03594898]
 [-0.46783621]
 [ 0.88308378]]
id: 26 , delta_R [[ 9.99999376e-01 -1.12297243e-04 -1.11133943e-03]
 [ 1.13003307e-04  9.99999792e-01  6.35284654e-04]
 [ 1.11126786e-03 -6.35409842e-04  9.99999181e-01]]
id: 26 , current state: States.Forward_correct_lane
id: 27 , cur_t [[  0.65310491]
 [-12.25703685]
 [ 24.01791506]]
id: 27 , cur_R [[ 0.99967207 -0.02453228  0.00734252]
 [ 0.02451497  0.99969649  0.00243883]
 [-0.00740012 -0.00225802  0.99997007]]
id: 27 , delta_t [[ 0.04660873]
 [-0.47351441]
 [ 0.87955201]]
id: 27 , delta_R [[ 9.99998083e-01 -1.83277638e-03 -6.89696114e-04]
 [ 1.83231239e-03  9.99998095e-01 -6.72772288e-04]
 [ 6.90927841e-04  6.71507259e-04  9.99999536e-01]]
id: 27 , current state: States.Forward_correct_lane
id: 28 , cur_t [[  0.6530259 ]
 [-12.68923109]
 [ 24.91969559]]
id: 28 , cur_R [[ 0.99967936 -0.02422217  0.00737937]
 [ 0.02420324  0.99970356  0.00264332]
 [-0.0074412  -0.00246387  0.99996928]]
id: 28 , delta_t [[-0.01734749]
 [-0.43409737]
 [ 0.90069892]]
id: 28 , delta_R [[ 9.99999951e-01  3.10286250e-04  3.60946179e-05]
 [-3.10293707e-04  9.99999930e-01  2.06779225e-04]
 [-3.60304546e-05 -2.06790415e-04  9.99999978e-01]]
id: 28 , current state: States.Forward_correct_lane
id: 29 , cur_t [[  1.11741881]
 [-13.3075472 ]
 [ 25.55374956]]
id: 29 , cur_R [[ 0.99974911 -0.02227989  0.00230787]
 [ 0.02226405  0.99972983  0.0066765 ]
 [-0.002456   -0.00662344  0.99997505]]
id: 29 , delta_t [[ 0.44456062]
 [-0.63094364]
 [ 0.635827  ]]
id: 29 , delta_R [[ 0.99998525  0.00192999 -0.00507665]
 [-0.00190945  0.99998999  0.00404742]
 [ 0.00508441 -0.00403767  0.99997892]]
id: 29 , current state: States.Forward_correct_lane
id: 30 , cur_t [[  1.09440681]
 [-13.72711034]
 [ 26.46118397]]
id: 30 , cur_R [[ 0.99984361 -0.01760394  0.00168902]
 [ 0.01759181  0.99982114  0.00694338]
 [-0.00181095 -0.00691258  0.99997447]]
id: 30 , delta_t [[-0.03457605]
 [-0.42494742]
 [ 0.90455745]]
id: 30 , delta_R [[ 9.99988872e-01  4.67265851e-03 -6.50035428e-04]
 [-4.67247878e-03  9.99989045e-01  2.77746779e-04]
 [ 6.51326123e-04 -2.74706412e-04  9.99999750e-01]]
id: 30 , current state: States.Forward_correct_lane
id: 31 , cur_t [[  1.16618092]
 [-14.17272163]
 [ 27.35352866]]
id: 31 , cur_R [[ 9.99821785e-01 -1.88777737e-02  1.64838810e-04]
 [ 1.88765637e-02  9.99806318e-01  5.56800691e-03]
 [-2.69918458e-04 -5.56390302e-03  9.99984485e-01]]
id: 31 , delta_t [[ 0.06230779]
 [-0.4529635 ]
 [ 0.88934909]]
id: 31 , delta_R [[ 0.99999803 -0.00128457 -0.0015153 ]
 [ 0.00128249  0.99999823 -0.00137756]
 [ 0.00151706  0.00137562  0.9999979 ]]
id: 31 , current state: States.Forward_correct_lane
id: 32 , cur_t [[  1.1308534 ]
 [-14.59103176]
 [ 28.26114565]]
id: 32 , cur_R [[ 0.99987986 -0.01511609  0.00343078]
 [ 0.01510826  0.99988322  0.00229754]
 [-0.00346511 -0.00224544  0.99999148]]
id: 32 , delta_t [[-0.04346247]
 [-0.4226121 ]
 [ 0.90526793]]
id: 32 , delta_R [[ 0.99998759  0.00378023  0.00324494]
 [-0.00376962  0.99998755 -0.00326982]
 [-0.00325726  0.00325755  0.99998939]]
id: 32 , current state: States.Forward_correct_lane
id: 33 , cur_t [[  1.14196311]
 [-15.03580642]
 [ 29.15671926]]
id: 33 , cur_R [[ 0.99994457 -0.01006381  0.00309362]
 [ 0.01005874  0.99994805  0.00165073]
 [-0.00311007 -0.00161952  0.99999385]]
id: 33 , delta_t [[ 0.00128535]
 [-0.4469016 ]
 [ 0.8945822 ]]
id: 33 , delta_R [[ 9.99987178e-01  5.05189218e-03 -3.48729059e-04]
 [-5.05211100e-03  9.99987040e-01 -6.29461793e-04]
 [ 3.45544566e-04  6.31215540e-04  9.99999741e-01]]
id: 33 , current state: States.Forward_correct_lane
id: 34 , cur_t [[  1.1322073 ]
 [-15.46965375]
 [ 30.05765284]]
id: 34 , cur_R [[ 9.99974378e-01 -7.15833159e-03 -3.57271776e-05]
 [ 7.15839142e-03  9.99972113e-01  2.12846909e-03]
 [ 2.04898938e-05 -2.12867031e-03  9.99997734e-01]]time=1640116294.2768793 Pos: [1.7325  0.      0.43875] angle 0
time=1640116294.387319 Pos: [1.7725  0.      0.43875] angle 0
time=1640116294.507116 Pos: [1.8125  0.      0.43875] angle 0
time=1640116294.6193101 Pos: [1.8525  0.      0.43875] angle 0
time=1640116294.743745 Pos: [1.8925  0.      0.43875] angle 0
time=1640116294.8572173 Pos: [1.9325  0.      0.43875] angle 0
time=1640116294.9775949 Pos: [1.9725  0.      0.43875] angle 0
time=1640116295.0960748 Pos: [2.0125  0.      0.43875] angle 0
time=1640116295.2163057 Pos: [2.0525  0.      0.43875] angle 0
time=1640116295.331677 Pos: [2.0925  0.      0.43875] angle 0
time=1640116295.4590662 Pos: [2.1325  0.      0.43875] angle 0
time=1640116295.5824885 Pos: [2.1725  0.      0.43875] angle 0
time=1640116295.7004836 Pos: [2.2125  0.      0.43875] angle 0
time=1640116295.8120003 Pos: [2.2525  0.      0.43875] angle 0
time=1640116295.9282115 Pos: [2.2925  0.      0.43875] angle 0
time=1640116296.0553558 Pos: [2.3325  0.      0.43875] angle 0
time=1640116296.18022 Pos: [2.3725  0.      0.43875] angle 0

id: 34 , delta_t [[-0.01692119]
 [-0.43518569]
 [ 0.9001817 ]]
id: 34 , delta_R [[ 9.99990882e-01  2.90046641e-03 -3.13412169e-03]
 [-2.89895486e-03  9.99995680e-01  4.86721903e-04]
 [ 3.13551987e-03 -4.77631787e-04  9.99994970e-01]]
id: 34 , current state: States.Forward_correct_lane
id: 35 , cur_t [[  1.15987837]
 [-15.92732326]
 [ 30.94634454]]
id: 35 , cur_R [[ 9.99991403e-01 -4.11847765e-03 -4.81839316e-04]
 [ 4.11916654e-03  9.99990483e-01  1.43756493e-03]
 [ 4.75914151e-04 -1.43953735e-03  9.99998851e-01]]
id: 35 , delta_t [[ 0.02441239]
 [-0.45974656]
 [ 0.88771456]]
id: 35 , delta_R [[ 9.99995280e-01  3.03894150e-03 -4.52581626e-04]
 [-3.03925382e-03  9.99995143e-01 -6.91003974e-04]
 [ 4.50479507e-04  6.92376223e-04  9.99999659e-01]]
id: 35 , current state: States.Forward_correct_lane
id: 36 , cur_t [[  1.18268395]
 [-16.382577  ]
 [ 31.83641416]]
id: 36 , cur_R [[ 9.99962882e-01 -8.57237353e-03 -8.65701246e-04]
 [ 8.57381992e-03  9.99961831e-01  1.68111944e-03]
 [ 8.51257019e-04 -1.68847940e-03  9.99998212e-01]]
id: 36 , delta_t [[ 0.02135371]
 [-0.45662462]
 [ 0.88940316]]
id: 36 , delta_R [[ 9.99990007e-01 -4.45452280e-03 -3.77463513e-04]
 [ 4.45461573e-03  9.99990048e-01  2.45715504e-04]
 [ 3.76365211e-04 -2.47394504e-04  9.99999899e-01]]
id: 36 , current state: States.Forward_correct_lane
id: 37 , cur_t [[  1.3507494 ]
 [-16.90711997]
 [ 32.67104502]]
id: 37 , cur_R [[ 0.99997265 -0.00675254  0.00301698]
 [ 0.00675744  0.99997586 -0.00161884]
 [-0.00300598  0.00163918  0.99999414]]
id: 37 , delta_t [[ 0.16427237]
 [-0.52737293]
 [ 0.83360206]]
id: 37 , delta_R [[ 0.99999081  0.00182638  0.00387961]
 [-0.00181357  0.99999291 -0.00330152]
 [-0.00388562  0.00329446  0.99998702]]
id: 37 , current state: States.Forward_correct_lane
id: 38 , cur_t [[  1.31211056]
 [-17.32355743]
 [ 33.57938796]]
id: 38 , cur_R [[ 0.99998225 -0.00380059  0.00458921]
 [ 0.00380762  0.99999159 -0.00152423]
 [-0.00458338  0.00154168  0.99998831]]
id: 38 , delta_t [[-0.0441823 ]
 [-0.41467755]
 [ 0.90889518]]
id: 38 , delta_R [[ 9.99994407e-01  2.94940084e-03  1.57703132e-03]
 [-2.94956772e-03  9.99995645e-01  1.03500660e-04]
 [-1.57671919e-03 -1.08151642e-04  9.99998751e-01]]
id: 38 , current state: States.Forward_correct_lane
id: 39 , cur_t [[  1.34898098]
 [-17.78819207]
 [ 34.4641225 ]]
id: 39 , cur_R [[ 0.99997873 -0.00510968  0.00405373]
 [ 0.00511593  0.99998574 -0.00153292]
 [-0.00404584  0.00155363  0.99999061]]
id: 39 , delta_t [[ 0.03104554]
 [-0.46340689]
 [ 0.88560162]]
id: 39 , delta_R [[ 9.99999000e-01 -1.30827643e-03 -5.37477170e-04]
 [ 1.30826872e-03  9.99999144e-01 -1.46943623e-05]
 [ 5.37495934e-04  1.39911830e-05  9.99999855e-01]]
id: 39 , current state: States.Forward_correct_lane
id: 40 , cur_t [[  1.36466037]
 [-18.2436227 ]
 [ 35.3542557 ]]
id: 40 , cur_R [[ 0.99997757 -0.00605527  0.00286346]
 [ 0.00606152  0.99997926 -0.0021781 ]
 [-0.00285021  0.00219541  0.99999353]]
id: 40 , delta_t [[ 0.00974776]
 [-0.45412131]
 [ 0.89088653]]
id: 40 , delta_R [[ 9.99998845e-01 -9.43759269e-04 -1.19172916e-03]
 [ 9.42986296e-04  9.99999345e-01 -6.49009828e-04]
 [ 1.19234089e-03  6.47885294e-04  9.99999079e-01]]
id: 40 , current state: States.Forward_correct_lane
id: 41 , cur_t [[  1.3920417 ]
 [-18.70010277]
 [ 36.24356791]]
id: 41 , cur_R [[ 0.99997867 -0.00561148  0.00334176]
 [ 0.00561784  0.99998242 -0.00189927]
 [-0.00333104  0.001918    0.99999261]]
id: 41 , delta_t [[ 0.02207903]
 [-0.454684  ]
 [ 0.89037912]]
id: 41 , delta_R [[ 9.99999787e-01  4.42747217e-04  4.79268197e-04]
 [-4.42881494e-04  9.99999863e-01  2.80102321e-04]
 [-4.79144117e-04 -2.80314520e-04  9.99999846e-01]]
id: 41 , current state: States.Forward_correct_lane
id: 42 , cur_t [[  1.42597586]
 [-19.15757837]
 [ 37.13214235]]
id: 42 , cur_R [[ 0.99996998 -0.00735715  0.00243315]
 [ 0.00736308  0.99996992 -0.00243653]
 [-0.00241515  0.00245437  0.99999407]]
id: 42 , delta_t [[ 0.02840354]
 [-0.45595369]
 [ 0.88955015]]
id: 42 , delta_R [[ 9.99998063e-01 -1.74396381e-03 -9.11923487e-04]
 [ 1.74346902e-03  9.99998333e-01 -5.43093751e-04]
 [ 9.12869102e-04  5.41502789e-04  9.99999437e-01]]
id: 42 , current state: States.Forward_correct_lane
id: 43 , cur_t [[  1.3871528 ]
 [-19.57972037]
 [ 38.03784037]]
id: 43 , cur_R [[ 0.99996786 -0.00778733  0.00190917]
 [ 0.00779159  0.99996715 -0.00223474]
 [-0.00189171  0.00224955  0.99999568]]
id: 43 , delta_t [[-0.04411756]
 [-0.41962076]
 [ 0.90662675]]
id: 43 , delta_R [[ 9.99999770e-01 -4.28907683e-04 -5.25023002e-04]
 [ 4.29013127e-04  9.99999888e-01  2.00740713e-04]
 [ 5.24936844e-04 -2.00965909e-04  9.99999842e-01]]
id: 43 , current state: States.Forward_correct_lane
id: 44 , cur_t [[  1.37211679]
 [-20.01031246]
 [ 38.94026176]]
id: 44 , cur_R [[ 0.99992855 -0.01169469  0.00247637]
 [ 0.01169894  0.9999301  -0.00171093]
 [-0.00245619  0.00173978  0.99999547]]
id: 44 , delta_t [[-0.02009764]
 [-0.42843081]
 [ 0.90335105]]
id: 44 , delta_R [[ 9.99992205e-01 -3.90880299e-03  5.58480691e-04]
 [ 3.90851471e-03  9.99992228e-01  5.16340292e-04]
 [-5.60494623e-04 -5.14153437e-04  9.99999711e-01]]
id: 44 , current state: States.Forward_correct_lane
id: 45 , cur_t [[  1.28243107]
 [-20.40014233]
 [ 39.85677098]]
id: 45 , cur_R [[ 0.99992715 -0.01079734  0.0053958 ]
 [ 0.0108073   0.99993994 -0.00181987]
 [-0.00537583  0.00187805  0.99998379]]
id: 45 , delta_t [[-0.09649103]
 [-0.38715925]
 [ 0.91694994]]
id: 45 , delta_R [[ 9.99995336e-01  8.92271302e-04  2.92098422e-03]
 [-8.91963337e-04  9.99999597e-01 -1.06732775e-04]
 [-2.92107828e-03  1.04126866e-04  9.99995728e-01]]
id: 45 , current state: States.Forward_correct_lane
id: 46 , cur_t [[  1.28549   ]
 [-20.84277831]
 [ 40.75346716]]
id: 46 , cur_R [[ 9.99851543e-01 -1.65123383e-02  4.92279634e-03]
 [ 1.65143307e-02  9.99863563e-01 -3.64349732e-04]
 [-4.91610842e-03  4.45592329e-04  9.99987817e-01]]
id: 46 , delta_t [[-0.00654547]
 [-0.44095838]
 [ 0.89750368]]
id: 46 , delta_R [[ 9.99983555e-01 -5.71460985e-03 -4.83324464e-04]
 [ 5.71529329e-03  9.99982653e-01  1.42467099e-03]
 [ 4.75174641e-04 -1.42740990e-03  9.99998868e-01]]
id: 46 , current state: States.Forward_correct_lane
id: 47 , cur_t [[  1.37418484]
 [-21.32700616]
 [ 41.62390188]]
id: 47 , cur_R [[ 9.99863764e-01 -1.61015699e-02  3.63211624e-03]
 [ 1.61013138e-02  9.99870360e-01  9.97444541e-05]
 [-3.63325142e-03 -4.12490221e-05  9.99993399e-01]]
id: 47 , delta_t [[ 0.07640582]
 [-0.48523849]
 [ 0.87103718]]
id: 47 , delta_R [[ 9.99999083e-01  4.11384524e-04 -1.29054141e-03]
 [-4.10783272e-04  9.99999807e-01  4.66121998e-04]
 [ 1.29073292e-03 -4.65591437e-04  9.99999059e-01]]
id: 47 , current state: States.Forward_correct_lane
id: 48 , cur_t [[  1.35732449]
 [-21.75853181]
 [ 42.52584498]]
id: 48 , cur_R [[ 9.99682032e-01 -2.44689642e-02  6.09139344e-03]
 [ 2.44627818e-02  9.99700150e-01  1.08738865e-03]
 [-6.11617421e-03 -9.38030462e-04  9.99980856e-01]]
id: 48 , delta_t [[-0.02708317]
 [-0.43123543]
 [ 0.90183286]]
id: 48 , delta_R [[ 9.99961953e-01 -8.36899039e-03  2.46026639e-03]
 [ 8.36665683e-03  9.99964541e-01  9.57265377e-04]
 [-2.46819050e-03 -9.36644752e-04  9.99996515e-01]]
id: 48 , current state: States.Forward_correct_lane
id: 49 , cur_t [[  1.44227767]
 [-22.24082602]
 [ 43.39772528]]
id: 49 , cur_R [[ 0.99980099 -0.01961837  0.00361859]
 [ 0.01960691  0.99980273  0.00317381]
 [-0.00368014 -0.00310223  0.99998842]]
id: 49 , delta_t [[ 0.06779534]
 [-0.48504616]
 [ 0.87185665]]
id: 49 , delta_R [[ 0.99998517  0.00484936 -0.00247804]
 [-0.00484412  0.99998603  0.00211598]
 [ 0.00248826 -0.00210395  0.99999469]]
id: 49 , current state: States.Forward_correct_lane
id: 50 , cur_t [[  0.60656569]
 [-21.90662792]
 [ 43.83349714]]
id: 50 , cur_R [[ 0.99479234 -0.05575344  0.08532148]
 [ 0.06022822  0.99689105 -0.05080158]
 [-0.08222386  0.05567578  0.99505751]]
id: 50 , delta_t [[-0.83059678]
 [ 0.34917561]
 [ 0.4338034 ]]
id: 50 , delta_R [[ 0.9959969  -0.03596684  0.08183248]
 [ 0.04047503  0.99771404 -0.05411522]
 [-0.07969906  0.05721076  0.99517586]]
id: 50 , current state: States.Forward_correct_lane
id: 51 , cur_t [[  0.81895779]
 [-22.44692461]
 [ 44.64772628]]
id: 51 , cur_R [[ 0.99480696 -0.05867147  0.08316707]
 [ 0.06289746  0.99680966 -0.04913656]
 [-0.08001882  0.05411239  0.99532348]]time=1640116296.295345 Pos: [2.4125  0.      0.43875] angle 0
time=1640116296.4186215 Pos: [2.4525  0.      0.43875] angle 0
time=1640116296.5320973 Pos: [2.4925  0.      0.43875] angle 0
time=1640116296.6564069 Pos: [2.5325  0.      0.43875] angle 0
time=1640116296.7892542 Pos: [2.5725  0.      0.43875] angle 0
time=1640116296.9136631 Pos: [2.6125  0.      0.43875] angle 0
time=1640116297.0318618 Pos: [2.6525  0.      0.43875] angle 0
time=1640116297.151011 Pos: [2.6925  0.      0.43875] angle 0
time=1640116297.2769718 Pos: [2.7325  0.      0.43875] angle 0
time=1640116297.4055054 Pos: [2.7725  0.      0.43875] angle 0
time=1640116297.5261962 Pos: [2.8125  0.      0.43875] angle 0
time=1640116297.6434238 Pos: [2.8525  0.      0.43875] angle 0
time=1640116297.763906 Pos: [2.8925  0.      0.43875] angle 0
time=1640116297.8819382 Pos: [2.9325  0.      0.43875] angle 0
time=1640116298.0041387 Pos: [2.9725  0.      0.43875] angle 0
time=1640116298.126122 Pos: [3.0125  0.      0.43875] angle 0
time=1640116298.242575 Pos: [3.0525  0.      0.43875] angle 0

id: 51 , delta_t [[ 0.11179587]
 [-0.50512568]
 [ 0.85577435]]
id: 51 , delta_R [[ 0.99999342 -0.00279862 -0.00230743]
 [ 0.00280193  0.99999505  0.00143278]
 [ 0.00230341 -0.00143923  0.99999631]]
id: 51 , current state: States.Forward_correct_lane
id: 52 , cur_t [[  0.94122946]
 [-22.94534995]
 [ 45.50599303]]
id: 52 , cur_R [[ 0.99443006 -0.06254825  0.0848326 ]
 [ 0.06684794  0.99656781 -0.04882584]
 [-0.08148746  0.05422476  0.99519821]]
id: 52 , delta_t [[ 0.02160952]
 [-0.45756619]
 [ 0.88891294]]
id: 52 , delta_R [[ 9.99991027e-01 -3.96996204e-03  1.47811457e-03]
 [ 3.96999583e-03  9.99992119e-01 -1.99278245e-05]
 [-1.47802381e-03  2.57957543e-05  9.99998907e-01]]
id: 52 , current state: States.Forward_correct_lane
id: 53 , cur_t [[  1.1042542 ]
 [-23.45850744]
 [ 46.34866279]]
id: 53 , cur_R [[ 0.99436712 -0.06405142  0.08444783]
 [ 0.0682324   0.99653389 -0.04758726]
 [-0.0811071   0.05308128  0.99529092]]
id: 53 , delta_t [[ 0.05914616]
 [-0.47589958]
 [ 0.87750859]]
id: 53 , delta_R [[ 9.99998794e-01 -1.48342745e-03 -4.59294476e-04]
 [ 1.48394016e-03  9.99998274e-01  1.11797456e-03]
 [ 4.57635249e-04 -1.11865478e-03  9.99999270e-01]]
id: 53 , current state: States.Forward_correct_lane
id: 54 , cur_t [[  1.23659322]
 [-23.9556219 ]
 [ 47.20619623]]
id: 54 , cur_R [[ 0.99482879 -0.06271733  0.07988873]
 [ 0.06654182  0.99671609 -0.04614354]
 [-0.07673239  0.05122087  0.99573519]]
id: 54 , delta_t [[ 0.02812222]
 [-0.45834893]
 [ 0.88832731]]
id: 54 , delta_R [[ 0.99998861  0.00157792 -0.00450426]
 [-0.0015708   0.99999751  0.0015837 ]
 [ 0.00450675 -0.00157661  0.9999886 ]]
id: 54 , current state: States.Forward_correct_lane
id: 55 , cur_t [[  1.67196892]
 [-24.56868722]
 [ 47.8654374 ]]
id: 55 , cur_R [[ 0.99399951 -0.06580861  0.08737396]
 [ 0.07051684  0.99615757 -0.05193723]
 [-0.08362031  0.05778692  0.99482075]]
id: 55 , delta_t [[ 0.34174464]
 [-0.60459076]
 [ 0.71950025]]
id: 55 , delta_R [[ 0.99996686 -0.00348171  0.0073586 ]
 [ 0.00352665  0.99997516 -0.0061026 ]
 [-0.00733716  0.00612835  0.9999543 ]]
id: 55 , current state: States.Forward_correct_lane
id: 56 , cur_t [[  1.82306318]
 [-25.0769963 ]
 [ 48.71325365]]
id: 56 , cur_R [[ 0.99353781 -0.06882905  0.09025063]
 [ 0.07376081  0.99589334 -0.05249564]
 [-0.08626677  0.05881337  0.99453458]]
id: 56 , delta_t [[ 0.04344861]
 [-0.46730655]
 [ 0.88302707]]
id: 56 , delta_R [[ 9.99991194e-01 -3.19079308e-03  2.72583770e-03]
 [ 3.19309908e-03  9.99994548e-01 -8.42047149e-04]
 [-2.72313604e-03  8.50743604e-04  9.99995930e-01]]
id: 56 , current state: States.Forward_correct_lane
id: 57 , cur_t [[  2.03113449]
 [-25.60831573]
 [ 49.5344759 ]]
id: 57 , cur_R [[ 0.99364853 -0.07015459  0.08798261]
 [ 0.07478791  0.99591908 -0.05051681]
 [-0.08407958  0.05677599  0.99484024]]
id: 57 , delta_t [[ 0.09669197]
 [-0.49515999]
 [ 0.86340445]]
id: 57 , delta_R [[ 0.99999654 -0.00119287 -0.00234313]
 [ 0.00119728  0.99999751  0.00188093]
 [ 0.00234088 -0.00188373  0.99999549]]
id: 57 , current state: States.Forward_correct_lane
id: 58 , cur_t [[  2.26004386]
 [-26.15205757]
 [ 50.34190721]]
id: 58 , cur_R [[ 0.99363922 -0.0696425   0.08849304]
 [ 0.07432405  0.99594172 -0.05075451]
 [-0.08459924  0.05700883  0.99478287]]
id: 58 , delta_t [[ 0.11890166]
 [-0.51173921]
 [ 0.8508733 ]]
id: 58 , delta_R [[ 9.99999739e-01  4.83521001e-04  5.37655422e-04]
 [-4.83415579e-04  9.99999864e-01 -1.96190528e-04]
 [-5.37750211e-04  1.95930566e-04  9.99999836e-01]]
id: 58 , current state: States.Forward_correct_lane
id: 59 , cur_t [[  2.41113098]
 [-26.65640671]
 [ 51.19208638]]
id: 59 , cur_R [[ 0.99354262 -0.07198758  0.08769752]
 [ 0.07662404  0.99577025 -0.05069874]
 [-0.0836769   0.05709109  0.99485616]]
id: 59 , delta_t [[ 0.0407163 ]
 [-0.46435671]
 [ 0.88471183]]
id: 59 , delta_R [[ 9.99996929e-01 -2.30237076e-03 -9.16894941e-04]
 [ 2.30223521e-03  9.99997339e-01 -1.48868363e-04]
 [ 9.17235251e-04  1.46756998e-04  9.99999569e-01]]
id: 59 , current state: States.Forward_correct_lane
id: 60 , cur_t [[  2.5727195 ]
 [-27.16643382]
 [ 52.03693045]]
id: 60 , cur_R [[ 0.99333063 -0.07557068  0.08708235]
 [ 0.08012007  0.99553119 -0.04998429]
 [-0.08291585  0.05662797  0.99494635]]
id: 60 , delta_t [[ 0.05077082]
 [-0.47126912]
 [ 0.88052697]]
id: 60 , delta_R [[ 9.99993369e-01 -3.55300156e-03 -7.98825935e-04]
 [ 3.55332560e-03  9.99993605e-01  4.04585639e-04]
 [ 7.97383333e-04 -4.07421445e-04  9.99999599e-01]]
id: 60 , current state: States.Forward_correct_lane
id: 61 , cur_t [[  2.6590089 ]
 [-27.64036266]
 [ 52.9132555 ]]
id: 61 , cur_R [[ 0.99225859 -0.08382469  0.09163134]
 [ 0.08864636  0.99481368 -0.04987551]
 [-0.08697531  0.05761219  0.99454318]]
id: 61 , delta_t [[-0.02491855]
 [-0.42870738]
 [ 0.90309969]]
id: 61 , delta_R [[ 9.99955014e-01 -8.53039194e-03  4.14747978e-03]
 [ 8.53311526e-03  9.99963388e-01 -6.39369996e-04]
 [-4.14187385e-03  6.74732156e-04  9.99991195e-01]]
id: 61 , current state: States.Forward_correct_lane
id: 62 , cur_t [[  3.48470889]
 [-28.19771803]
 [ 53.00028721]]
id: 62 , cur_R [[ 0.99248453 -0.08502803  0.08800399]
 [ 0.08946654  0.99484323 -0.0477774 ]
 [-0.08348775  0.05529174  0.99497368]]
id: 62 , delta_t [[ 0.76233078]
 [-0.6186647 ]
 [ 0.19001517]]
id: 62 , delta_R [[ 9.99992672e-01 -9.96152021e-04 -3.69653464e-03]
 [ 1.00361289e-03  9.99997462e-01  2.01703601e-03]
 [ 3.69451598e-03 -2.02073112e-03  9.99991134e-01]]
id: 62 , current state: States.Forward_correct_lane
id: 63 , cur_t [[  3.61012857]
 [-28.68439093]
 [ 53.86482141]]
id: 63 , cur_R [[ 0.99216571 -0.0868121   0.089838  ]
 [ 0.09133845  0.99468375 -0.04755549]
 [-0.08523201  0.05538859  0.99482039]]
id: 63 , delta_t [[ 0.00875812]
 [-0.44702583]
 [ 0.89447817]]
id: 63 , delta_R [[ 9.99996676e-01 -1.89102341e-03  1.75276964e-03]
 [ 1.89092869e-03  9.99998211e-01  5.56945266e-05]
 [-1.75287182e-03 -5.23799791e-05  9.99998462e-01]]
id: 63 , current state: States.Forward_correct_lane
id: 64 , cur_t [[  3.76835399]
 [-29.18896418]
 [ 54.71356787]]
id: 64 , cur_R [[ 0.99211084 -0.08807496  0.08921251]
 [ 0.09257996  0.9945631  -0.04767797]
 [-0.08452824  0.05556112  0.99487082]]
id: 64 , delta_t [[ 0.03855853]
 [-0.46861583]
 [ 0.88256017]]
id: 64 , delta_R [[ 9.99999005e-01 -1.23141161e-03 -6.87524268e-04]
 [ 1.23125075e-03  9.99999215e-01 -2.34346323e-04]
 [ 6.87812304e-04  2.33499575e-04  9.99999736e-01]]
id: 64 , current state: States.Forward_correct_lane
id: 65 , cur_t [[  3.93497332]
 [-29.6912819 ]
 [ 55.56204587]]
id: 65 , cur_R [[ 0.9921167  -0.08842349  0.0888017 ]
 [ 0.09293187  0.99451576 -0.04798   ]
 [-0.08407213  0.05585426  0.99489305]]
id: 65 , delta_t [[ 0.04707994]
 [-0.46711927]
 [ 0.88294001]]
id: 65 , delta_R [[ 9.99999855e-01 -3.26501084e-04 -4.28563961e-04]
 [ 3.26358445e-04  9.99999891e-01 -3.32857017e-04]
 [ 4.28672593e-04  3.32717103e-04  9.99999853e-01]]
id: 65 , current state: States.Forward_correct_lane
id: 66 , cur_t [[  4.09402364]
 [-30.19619402]
 [ 56.41043655]]
id: 66 , cur_R [[ 0.99193951 -0.09188349  0.08725504]
 [ 0.09629785  0.9942042  -0.04779889]
 [-0.0823574   0.05581608  0.9950386 ]]
id: 66 , delta_t [[ 0.03954805]
 [-0.46882061]
 [ 0.88240761]]
id: 66 , delta_R [[ 9.99992802e-01 -3.38328245e-03 -1.71711952e-03]
 [ 3.38308101e-03  9.99994270e-01 -1.20205137e-04]
 [ 1.71751636e-03  1.14395118e-04  9.99998519e-01]]
id: 66 , current state: States.Forward_correct_lane
id: 67 , cur_t [[  4.25345266]
 [-30.70535355]
 [ 57.25621368]]
id: 67 , cur_R [[ 0.99197247 -0.09041603  0.08840563]
 [ 0.09488622  0.99434303 -0.04773411]
 [-0.0835896   0.0557394   0.99494015]]
id: 67 , delta_t [[ 0.03945697]
 [-0.47364947]
 [ 0.87982915]]
id: 67 , delta_R [[ 9.99998261e-01  1.40713022e-03  1.22407872e-03]
 [-1.40736195e-03  9.99998992e-01  1.88468543e-04]
 [-1.22381229e-03 -1.90190937e-04  9.99999233e-01]]
id: 67 , current state: States.Forward_correct_lane
id: 68 , cur_t [[  4.38101415]
 [-31.19509345]
 [ 58.11870014]]
id: 68 , cur_R [[ 0.99217674 -0.08793469  0.0886161 ]
 [ 0.09242368  0.99456755 -0.04788792]
 [-0.08392369  0.05570351  0.99491403]]
id: 68 , delta_t [[ 0.00797302]
 [-0.45042859]
 [ 0.89277686]]
id: 68 , delta_R [[ 9.99996878e-01  2.47664346e-03  3.30636516e-04]
 [-2.47666519e-03  9.99996931e-01  6.53246744e-05]
 [-3.30473715e-04 -6.61433464e-05  9.99999943e-01]]time=1640116298.3640416 Pos: [3.0925  0.      0.43875] angle 0
time=1640116298.4849446 Pos: [3.1325  0.      0.43875] angle 0
