False: Accepted
time=1640117328.074709 gym-duckietown 2019.0.0

time=1640117328.3388102 Registering gym environment id: Duckietown-4way-v0
time=1640117328.338955 Registering gym environment id: Duckietown-loop_dyn_duckiebots-v0
time=1640117328.3390434 Registering gym environment id: Duckietown-loop_empty-v0
time=1640117328.3391304 Registering gym environment id: Duckietown-loop_obstacles-v0
time=1640117328.3392181 Registering gym environment id: Duckietown-loop_pedestrians-v0
time=1640117328.3393013 Registering gym environment id: Duckietown-small_loop-v0
time=1640117328.3393803 Registering gym environment id: Duckietown-small_loop_cw-v0
time=1640117328.3394518 Registering gym environment id: Duckietown-straight_road-v0
time=1640117328.3395367 Registering gym environment id: Duckietown-straight_road_10_tiles_no_start_tile-v0
time=1640117328.339609 Registering gym environment id: Duckietown-straight_road_no_start_tile-v0
time=1640117328.339678 Registering gym environment id: Duckietown-straight_road_trafficlight-v0
time=1640117328.3397524 Registering gym environment id: Duckietown-straight_road_with_side_floor-v0
time=1640117328.3398213 Registering gym environment id: Duckietown-udem1-v0
time=1640117328.3399022 Registering gym environment id: Duckietown-zigzag_dists-v0
time=1640117330.1829484 Falling back to non-multisampled frame buffer
time=1640117330.187092 Falling back to non-multisampled frame buffer
time=1640117330.1916506 loading map file "/home/appuser/aido-auto/gym-duckietown/gym_duckietown/maps/straight_road.yaml"
time=1640117330.1990275 loading mesh "duckiebot.obj"
time=1640117330.199331 loading materials from "/home/appuser/aido-auto/gym-duckietown/gym_duckietown/meshes/duckiebot.mtl"
time=1640117330.6368732 loading texture "straight_1.png"
time=1640117330.6538327 road_tile_size=0.585
time=1640117330.654355 Starting at [0.2925  0.      0.43875] 0
time=1640117330.6546898 Pos: [0.2925  0.      0.43875] angle 0
time=1640117330.819187 using DuckietownEnv
/usr/local/lib/python3.6/dist-packages/gym/spaces/box.py:74: UserWarning: [33mWARN: Box bound precision lowered by casting to float32[0m
  "Box bound precision lowered by casting to {}".format(self.dtype)
time=1640117330.8206208 loading mesh "duckie.obj"
time=1640117330.8681328 loading texture "duckie.png"
time=1640117331.5273042 Pos: [0.2925  0.      0.43875] angle 0
time=1640117331.821729 Pos: [0.3325  0.      0.43875] angle 0
time=1640117331.9238486 Pos: [0.3725  0.      0.43875] angle 0
time=1640117332.0454295 Pos: [0.4125  0.      0.43875] angle 0
time=1640117332.153973 Pos: [0.4525  0.      0.43875] angle 0
time=1640117332.272053 Pos: [0.4925  0.      0.43875] angle 0
time=1640117332.3815377 Pos: [0.5325  0.      0.43875] angle 0
time=1640117332.5026388 Pos: [0.5725  0.      0.43875] angle 0
time=1640117332.628246 Pos: [0.6125  0.      0.43875] angle 0
time=1640117332.770575 Pos: [0.6525  0.      0.43875] angle 0
time=1640117332.9001834 Pos: [0.6925  0.      0.43875] angle 0
time=1640117333.0331266 Pos: [0.7325  0.      0.43875] angle 0
time=1640117333.146618 Pos: [0.7725  0.      0.43875] angle 0
time=1640117333.2689462 Pos: [0.8125  0.      0.43875] angle 0
time=1640117333.3962147 Pos: [0.8525  0.      0.43875] angle 0
time=1640117333.5122375 Pos: [0.8925  0.      0.43875] angle 0
time=1640117333.6371422 Pos: [0.9325  0.      0.43875] angle 0
time=1640117333.7559302 Pos: [0.9725  0.      0.43875] angle 0
time=1640117333.8751414 Pos: [1.0125  0.      0.43875] angle 0
env.road_tile_size = 0.585
id: 0 , cur_t None
id: 0 , cur_R None
id: 0 , delta_t None
id: 0 , delta_R None
id: 0 , current state: States.Forward_correct_lane
id: 1 , cur_t [[ 0.04461459]
 [-0.4671445 ]
 [ 0.88305467]]
id: 1 , cur_R [[ 9.99999678e-01 -3.45588872e-04  7.24598360e-04]
 [ 3.44894964e-04  9.99999482e-01  9.57551877e-04]
 [-7.24928904e-04 -9.57301658e-04  9.99999279e-01]]
id: 1 , delta_t None
id: 1 , delta_R None
id: 1 , current state: States.Forward_correct_lane
id: 2 , cur_t [[ 0.61352393]
 [-1.13404478]
 [ 1.36428868]]
id: 2 , cur_R [[ 0.99997665  0.00412658 -0.00544629]
 [-0.00410088  0.99998044  0.00472215]
 [ 0.00546567 -0.00469971  0.99997402]]
id: 2 , delta_t [[ 0.56833029]
 [-0.66755723]
 [ 0.4810073 ]]
id: 2 , delta_R [[ 0.99997096  0.00446625 -0.00617515]
 [-0.00444304  0.99998303  0.00376784]
 [ 0.00619187 -0.00374029  0.99997384]]
id: 2 , current state: States.Forward_correct_lane
id: 3 , cur_t [[ 0.80412912]
 [-1.67191479]
 [ 2.18548629]]
id: 3 , cur_R [[ 0.9999777   0.00310846 -0.00591116]
 [-0.00307991  0.99998358  0.00483354]
 [ 0.00592609 -0.00481523  0.99997085]]
id: 3 , delta_t [[ 0.19729488]
 [-0.54093233]
 [ 0.81759828]]
id: 3 , delta_R [[ 9.99999374e-01 -1.02029747e-03 -4.60063830e-04]
 [ 1.02035138e-03  9.99999473e-01  1.16953785e-04]
 [ 4.59944260e-04 -1.17423139e-04  9.99999887e-01]]
id: 3 , current state: States.Forward_correct_lane
id: 4 , cur_t [[ 0.75705275]
 [-2.08753172]
 [ 3.09380693]]
id: 4 , cur_R [[ 0.99998306 -0.00317508 -0.00487895]
 [ 0.00319764  0.99998421  0.004622  ]
 [ 0.00486419 -0.00463753  0.99997742]]
id: 4 , delta_t [[-0.04041248]
 [-0.42013021]
 [ 0.90656353]]
id: 4 , delta_R [[ 9.99979726e-01 -6.27846811e-03  1.06246923e-03]
 [ 6.27865678e-03  9.99980274e-01 -1.74334683e-04]
 [-1.06135372e-03  1.81002028e-04  9.99999420e-01]]
id: 4 , current state: States.Forward_correct_lane
id: 5 , cur_t [[ 0.70967765]
 [-2.50517325]
 [ 4.0011829 ]]
id: 5 , cur_R [[ 0.99998113 -0.00366949 -0.0049261 ]
 [ 0.00369197  0.99998277  0.00456329]
 [ 0.00490927 -0.00458139  0.99997745]]
id: 5 , delta_t [[-0.04429611]
 [-0.4216925 ]
 [ 0.90565627]]
id: 5 , delta_R [[ 9.99999877e-01 -4.94623209e-04 -4.48709945e-05]
 [ 4.94620682e-04  9.99999876e-01 -5.63007968e-05]
 [ 4.48988366e-05  5.62785957e-05  9.99999997e-01]]
id: 5 , current state: States.Forward_correct_lane
id: 6 , cur_t [[ 0.80077767]
 [-2.99983015]
 [ 4.86548339]]
id: 6 , cur_R [[ 0.99998551  0.00231485 -0.00485935]
 [-0.00228528  0.99997888  0.00608389]
 [ 0.00487333 -0.00607269  0.99996969]]
id: 6 , delta_t [[ 0.09351513]
 [-0.49894236]
 [ 0.86157498]]
id: 6 , delta_R [[ 9.99982092e-01  5.98456059e-03  3.93576191e-05]
 [-5.98461263e-03  9.99980980e-01  1.49123347e-03]
 [-3.04324935e-05 -1.49144231e-03  9.99998887e-01]]
id: 6 , current state: States.Forward_correct_lane
id: 7 , cur_t [[ 0.77160497]
 [-3.4277964 ]
 [ 5.76880717]]
id: 7 , cur_R [[ 9.99994758e-01 -1.78047641e-04 -3.23300855e-03]
 [ 1.98597772e-04  9.99979773e-01  6.35714094e-03]
 [ 3.23181129e-03 -6.35774968e-03  9.99974567e-01]]
id: 7 , delta_t [[-0.02379206]
 [-0.43351035]
 [ 0.90083445]]
id: 7 , delta_R [[ 9.99995570e-01 -2.48297635e-03  1.64147431e-03]
 [ 2.48251120e-03  9.99996878e-01  2.85346531e-04]
 [-1.64217769e-03 -2.81270288e-04  9.99998612e-01]]
id: 7 , current state: States.Forward_correct_lane
id: 8 , cur_t [[ 0.7610779 ]
 [-3.86279508]
 [ 6.66917672]]
id: 8 , cur_R [[ 9.99999550e-01 -9.48207301e-04 -4.31610721e-05]
 [ 9.48423919e-04  9.99985340e-01  5.33098913e-03]
 [ 3.81055566e-05 -5.33102766e-03  9.99985789e-01]]
id: 8 , delta_t [[-0.00770358]
 [-0.44071233]
 [ 0.89761534]]
id: 8 , delta_R [[ 9.99994616e-01 -7.49864821e-04  3.19467832e-03]
 [ 7.53138783e-04  9.99999192e-01 -1.02373781e-03]
 [-3.19390808e-03  1.02613833e-03  9.99994373e-01]]
id: 8 , current state: States.Forward_correct_lane
id: 9 , cur_t [[ 0.72906451]
 [-4.28544933]
 [ 7.57490213]]
id: 9 , cur_R [[ 9.99998247e-01 -6.89616638e-04  1.74076209e-03]
 [ 6.84100928e-04  9.99994751e-01  3.16716968e-03]
 [-1.74293708e-03 -3.16597327e-03  9.99993469e-01]]
id: 9 , delta_t [[-0.03237972]
 [-0.42744615]
 [ 0.90346076]]
id: 9 , delta_R [[ 9.99998375e-01  2.68095712e-04  1.78251921e-03]
 [-2.64238402e-04  9.99997624e-01 -2.16384893e-03]
 [-1.78309509e-03  2.16337441e-03  9.99996070e-01]]
id: 9 , current state: States.Forward_correct_lane
id: 10 , cur_t [[ 0.72514534]
 [-4.72507185]
 [ 8.47307621]]
id: 10 , cur_R [[ 0.99998111 -0.00555881  0.00262447]
 [ 0.0055498   0.99997873  0.00342699]
 [-0.00264346 -0.00341236  0.99999068]]
id: 10 , delta_t [[-0.00578537]
 [-0.4424611 ]
 [ 0.89676903]]
id: 10 , delta_R [[ 9.99987755e-01 -4.86637713e-03  8.99144436e-04]
 [ 4.86615291e-03  9.99988129e-01  2.51387337e-04]
 [-9.00357107e-04 -2.47008884e-04  9.99999564e-01]]
id: 10 , current state: States.Forward_correct_lane
id: 11 , cur_t [[ 0.74061257]
 [-5.17332274]
 [ 9.36685018]]
id: 11 , cur_R [[ 0.99998197 -0.00469323  0.00374597]
 [ 0.00467841  0.99998124  0.0039545 ]
 [-0.00376446 -0.00393691  0.99998516]]
id: 11 , delta_t [[ 0.01061658]
 [-0.45137722]
 [ 0.89227008]]
id: 11 , delta_R [[ 9.99998997e-01  8.69404153e-04  1.11853987e-03]
 [-8.69997181e-04  9.99999481e-01  5.29803260e-04]
 [-1.11807868e-03 -5.30775855e-04  9.99999234e-01]]
id: 11 , current state: States.Forward_correct_lane
id: 12 , cur_t [[ 0.77921816]
 [-5.62247638]
 [10.25947026]]
id: 12 , cur_R [[ 0.99997804 -0.00388701  0.00536784]
 [ 0.00386046  0.99998031  0.00494706]
 [-0.00538696 -0.00492623  0.99997336]]
id: 12 , delta_t [[ 0.03314334]
 [-0.45284056]
 [ 0.89097528]]
id: 12 , delta_R [[ 9.99998360e-01  8.12602896e-04  1.61868437e-03]
 [-8.14215161e-04  9.99999173e-01  9.95624266e-04]
 [-1.61787398e-03 -9.96940591e-04  9.99998194e-01]]
id: 12 , current state: States.Forward_correct_lane
id: 13 , cur_t [[ 0.78660087]
 [-6.06323209]
 [11.157067  ]]
id: 13 , cur_R [[ 0.99997422 -0.00140308  0.00704193]
 [ 0.00137545  0.99999134  0.00392743]
 [-0.00704738 -0.00391764  0.99996749]]
id: 13 , delta_t [[ 8.45699876e-04]
 [-4.45197489e-01]
 [ 8.95432008e-01]]
id: 13 , delta_R [[ 0.99999551  0.00249215  0.00166183]
 [-0.00249048  0.99999639 -0.00100627]
 [-0.00166433  0.00100212  0.99999811]]
id: 13 , current state: States.Forward_correct_lane
id: 14 , cur_t [[ 0.72719588]
 [-6.45778042]
 [12.07401993]]
id: 14 , cur_R [[ 0.99998039 -0.00258182  0.00570604]
 [ 0.00256095  0.99999002  0.00366209]
 [-0.00571543 -0.0036474   0.99997701]]
id: 14 , delta_t [[-0.06640825]
 [-0.39805386]
 [ 0.91495523]]
id: 14 , delta_R [[ 9.99998413e-01 -1.18396480e-03 -1.33127427e-03]
 [ 1.18360146e-03  9.99999262e-01 -2.73682525e-04]
 [ 1.33159732e-03  2.72106393e-04  9.99999076e-01]]
id: 14 , current state: States.Forward_correct_lane
id: 15 , cur_t [[ 0.76887959]
 [-6.92458352]
 [12.95739829]]
id: 15 , cur_R [[ 0.99997909 -0.00179149  0.00621422]
 [ 0.00176784  0.99999118  0.00380922]
 [-0.00622099 -0.00379815  0.99997344]]
id: 15 , delta_t [[ 0.03543854]
 [-0.4701281 ]
 [ 0.88188643]]
id: 15 , delta_R [[ 9.99999559e-01  7.92179131e-04  5.05296374e-04]
 [-7.92255852e-04  9.99999675e-01  1.51651349e-04]
 [-5.05176075e-04 -1.52051606e-04  9.99999861e-01]]
id: 15 , current state: States.Forward_correct_lane
id: 16 , cur_t [[ 0.84149107]
 [-7.40473964]
 [13.83157085]]
id: 16 , cur_R [[ 9.99973841e-01  6.20726862e-04  7.20633305e-03]
 [-6.42674017e-04  9.99995162e-01  3.04362108e-03]
 [-7.20440893e-03 -3.04817278e-03  9.99969402e-01]]
id: 16 , delta_t [[ 0.06632291]
 [-0.48360221]
 [ 0.87277155]]
id: 16 , delta_R [[ 9.99996598e-01  2.41596319e-03  9.82957626e-04]
 [-2.41522588e-03  9.99996802e-01 -7.50593636e-04]
 [-9.84767888e-04  7.48217019e-04  9.99999235e-01]]
id: 16 , current state: States.Forward_correct_lane
id: 17 , cur_t [[ 0.83758918]
 [-7.84235995]
 [14.73072225]]
id: 17 , cur_R [[ 0.99997044 -0.00299606  0.00708137]
 [ 0.00296877  0.99998814  0.00386026]
 [-0.00709285 -0.00383912  0.99996748]]
id: 17 , delta_t [[-0.01009839]
 [-0.44036138]
 [ 0.89776382]]
id: 17 , delta_R [[ 9.99993452e-01 -3.61714345e-03 -1.13911254e-04]
 [ 3.61723240e-03  9.99993145e-01  7.90614188e-04]
 [ 1.11050708e-04 -7.91021054e-04  9.99999681e-01]]
id: 17 , current state: States.Forward_correct_lanetime=1640117333.9971418 Pos: [1.0525  0.      0.43875] angle 0
time=1640117334.12274 Pos: [1.0925  0.      0.43875] angle 0
time=1640117334.2290072 Pos: [1.1325  0.      0.43875] angle 0
time=1640117334.3503623 Pos: [1.1725  0.      0.43875] angle 0
time=1640117334.4761722 Pos: [1.2125  0.      0.43875] angle 0
time=1640117334.618106 Pos: [1.2525  0.      0.43875] angle 0
time=1640117334.7496288 Pos: [1.2925  0.      0.43875] angle 0
time=1640117334.8750393 Pos: [1.3325  0.      0.43875] angle 0
time=1640117334.997276 Pos: [1.3725  0.      0.43875] angle 0
time=1640117335.1205778 Pos: [1.4125  0.      0.43875] angle 0
time=1640117335.2312179 Pos: [1.4525  0.      0.43875] angle 0
time=1640117335.3426669 Pos: [1.4925  0.      0.43875] angle 0
time=1640117335.4724376 Pos: [1.5325  0.      0.43875] angle 0
time=1640117335.6149292 Pos: [1.5725  0.      0.43875] angle 0
time=1640117335.7699 Pos: [1.5725  0.      0.43875] angle 0.046587467971115765
time=1640117335.9384484 Pos: [1.5725  0.      0.43875] angle 0.09317493594223153
time=1640117336.0732949 Pos: [1.5725  0.      0.43875] angle 0.1397624039133473
time=1640117336.1922014 Pos: [1.5725  0.      0.43875] angle 0.18634987188446306

id: 18 , cur_t [[ 1.48133163]
 [-8.49243136]
 [15.13445833]]
id: 18 , cur_R [[ 0.99995362  0.00138616 -0.009531  ]
 [-0.00122286  0.99985272  0.01711855]
 [ 0.00955333 -0.0171061   0.99980804]]
id: 18 , delta_t [[ 0.63892987]
 [-0.65354238]
 [ 0.40577208]]
id: 18 , delta_R [[ 0.99985241  0.00431799 -0.01662854]
 [-0.00409721  0.99990331  0.01328812]
 [ 0.01668431 -0.01321802  0.99977343]]
id: 18 , current state: States.Forward_correct_lane
id: 19 , cur_t [[ 1.49195165]
 [-8.93391411]
 [16.03166521]]
id: 19 , cur_R [[ 9.99945576e-01 -7.79217874e-04 -1.04037670e-02]
 [ 9.52064391e-04  9.99861438e-01  1.66192373e-02]
 [ 1.03893754e-02 -1.66282379e-02  9.99807763e-01]]
id: 19 , delta_t [[ 0.01973071]
 [-0.45675072]
 [ 0.88937589]]
id: 19 , delta_R [[ 9.99997275e-01 -2.17998911e-03 -8.35631387e-04]
 [ 2.17958969e-03  9.99997510e-01 -4.78591725e-04]
 [ 8.36672632e-04  4.76769087e-04  9.99999536e-01]]
id: 19 , current state: States.Forward_correct_lane
id: 20 , cur_t [[ 0.64265937]
 [-8.4973086 ]
 [16.32844505]]
id: 20 , cur_R [[ 0.98827025 -0.06619382  0.1376237 ]
 [ 0.07774247  0.99373419 -0.08030234]
 [-0.13144585  0.09005962  0.98722401]]
id: 20 , delta_t [[-0.84574702]
 [ 0.43227186]
 [ 0.31281467]]
id: 20 , delta_R [[ 0.98683624 -0.06295655  0.14896544]
 [ 0.07779935  0.99233595 -0.09600325]
 [-0.14177972  0.1063289   0.98417106]]
id: 20 , current state: States.Forward_correct_lane
id: 21 , cur_t [[-0.16526177]
 [-8.16883034]
 [16.81769494]]
id: 21 , cur_R [[ 0.9728262  -0.09213021  0.21241755]
 [ 0.12079247  0.98462989 -0.1261474 ]
 [-0.19753069  0.14837794  0.96900238]]
id: 21 , delta_t [[-0.8372176 ]
 [ 0.42396112]
 [ 0.34543257]]
id: 21 , delta_R [[ 0.99674733 -0.03298066  0.07353253]
 [ 0.03683832  0.99798102 -0.05173802]
 [-0.07167771  0.05427855  0.99594987]]
id: 21 , current state: States.Forward_correct_lane
id: 22 , cur_t [[ 0.06171395]
 [-8.72289145]
 [17.61863083]]
id: 22 , cur_R [[ 0.97307878 -0.09215269  0.21124767]
 [ 0.12035577  0.98485828 -0.12477441]
 [-0.19655072  0.14684021  0.9694358 ]]
id: 22 , delta_t [[-0.0043279 ]
 [-0.44761523]
 [ 0.89421579]]
id: 22 , delta_R [[ 9.99999284e-01  1.55955156e-04 -1.18684975e-03]
 [-1.54233481e-04  9.99998936e-01  1.45057873e-03]
 [ 1.18707472e-03 -1.45039464e-03  9.99998244e-01]]
id: 22 , current state: States.Forward_correct_lane
id: 23 , cur_t [[ 0.27282316]
 [-9.26657955]
 [18.43093383]]
id: 23 , cur_R [[ 0.97300448 -0.09072339  0.21220638]
 [ 0.11895122  0.98509378 -0.12426124]
 [-0.19776978  0.14614895  0.96929232]]
id: 23 , delta_t [[-0.01966885]
 [-0.43563126]
 [ 0.89991029]]
id: 23 , delta_R [[ 9.99998516e-01  1.27909810e-03  1.15388763e-03]
 [-1.28003103e-03  9.99998854e-01  8.08136425e-04]
 [-1.15285263e-03 -8.09612238e-04  9.99999008e-01]]
id: 23 , current state: States.Forward_correct_lane
id: 24 , cur_t [[ 0.51898253]
 [-9.82458472]
 [19.22342092]]
id: 24 , cur_R [[ 0.97306984 -0.09188484  0.21140545]
 [ 0.12001076  0.98496149 -0.12429112]
 [-0.19680575  0.14631487  0.96946349]]
id: 24 , delta_t [[ 0.01640878]
 [-0.45619868]
 [ 0.88972665]]
id: 24 , delta_R [[ 9.99999003e-01 -1.03684365e-03 -9.59004914e-04]
 [ 1.03659681e-03  9.99999429e-01 -2.57848800e-04]
 [ 9.59271715e-04  2.56854441e-04  9.99999507e-01]]
id: 24 , current state: States.Forward_correct_lane
id: 25 , cur_t [[  0.70079063]
 [-10.34856401]
 [ 20.05552159]]
id: 25 , cur_R [[ 0.9730908  -0.09075057  0.21179855]
 [ 0.11906951  0.98498438 -0.12501292]
 [-0.19727327  0.14686768  0.96928486]]
id: 25 , delta_t [[-0.04973337]
 [-0.41105612]
 [ 0.91025241]]
id: 25 , delta_R [[ 9.99999279e-01  1.07087227e-03  5.42932842e-04]
 [-1.07059476e-03  9.99999296e-01 -5.11168198e-04]
 [-5.43479856e-04  5.10586568e-04  9.99999722e-01]]
id: 25 , current state: States.Forward_correct_lane
id: 26 , cur_t [[  0.93177329]
 [-10.896717  ]
 [ 20.85937189]]
id: 26 , cur_R [[ 0.97311029 -0.08962699  0.21218709]
 [ 0.11859922  0.98465852 -0.12799148]
 [-0.19746034  0.14971505  0.96881103]]
id: 26 , delta_t [[ 0.00092062]
 [-0.44282431]
 [ 0.89660793]]
id: 26 , delta_R [[ 9.99999293e-01  1.06045181e-03  5.37783338e-04]
 [-1.05891922e-03  9.99995400e-01 -2.84214645e-03]
 [-5.40794824e-04  2.84157497e-03  9.99995816e-01]]
id: 26 , current state: States.Forward_correct_lane
id: 27 , cur_t [[  1.16578244]
 [-11.45090287]
 [ 21.65819461]]
id: 27 , cur_R [[ 0.97318596 -0.08719569  0.21285208]
 [ 0.11690539  0.98443501 -0.13122819]
 [-0.19809651  0.15259299  0.96823197]]
id: 27 , delta_t [[ 0.00425489]
 [-0.4470616 ]
 [ 0.89449305]]
id: 27 , delta_R [[ 9.99996820e-01  2.31786226e-03  9.93305763e-04]
 [-2.31503831e-03  9.99993302e-01 -2.83476600e-03]
 [-9.99869707e-04  2.83245744e-03  9.99995489e-01]]
id: 27 , current state: States.Forward_correct_lane
id: 28 , cur_t [[  1.40849523]
 [-12.0073761 ]
 [ 22.45281908]]
id: 28 , cur_R [[ 0.97242273 -0.09065222  0.21488651]
 [ 0.12045942  0.98417917 -0.1299265 ]
 [-0.1997087   0.15222858  0.9679581 ]]
id: 28 , delta_t [[ 0.01373763]
 [-0.44772111]
 [ 0.89406772]]
id: 28 , delta_R [[ 9.99991665e-01 -3.75893023e-03  1.59355407e-03]
 [ 3.75811021e-03  9.99992804e-01  5.17264521e-04]
 [-1.59548696e-03 -5.11271458e-04  9.99998597e-01]]
id: 28 , current state: States.Forward_correct_lane
id: 29 , cur_t [[  1.66374692]
 [-12.57717694]
 [ 23.23395516]]
id: 29 , cur_R [[ 0.97232594 -0.08814734  0.21636155]
 [ 0.11829069  0.98435813 -0.13056182]
 [-0.20146857  0.1525422   0.96754395]]
id: 29 , delta_t [[ 0.02357498]
 [-0.46501401]
 [ 0.88498937]]
id: 29 , delta_R [[ 9.99995770e-01  2.26195027e-03  1.82842012e-03]
 [-2.26167134e-03  9.99997430e-01 -1.54608215e-04]
 [-1.82876514e-03  1.50472276e-04  9.99998316e-01]]
id: 29 , current state: States.Forward_correct_lane
id: 30 , cur_t [[  1.78969917]
 [-13.0733345 ]
 [ 24.0930033 ]]
id: 30 , cur_R [[ 0.97039923 -0.08767242  0.22503082]
 [ 0.12019291  0.98351088 -0.13512963]
 [-0.20947312  0.1581768   0.96493581]]
id: 30 , delta_t [[-0.10929538]
 [-0.368458  ]
 [ 0.92319728]]
id: 30 , delta_R [[ 9.99960453e-01 -8.92295355e-04  8.84851937e-03]
 [ 9.35962369e-04  9.99987399e-01 -4.93203905e-03]
 [-8.84400704e-03  4.94012588e-03  9.99948688e-01]]
id: 30 , current state: States.Forward_correct_lane
id: 31 , cur_t [[  2.06734081]
 [-13.6438137 ]
 [ 24.86596423]]
id: 31 , cur_R [[ 0.97023037 -0.08913368  0.22518486]
 [ 0.12159978  0.98340097 -0.13467003]
 [-0.20944337  0.15804338  0.96496413]]
id: 31 , delta_t [[ 0.03894115]
 [-0.46314952]
 [ 0.88542425]]
id: 31 , delta_R [[ 9.99998906e-01 -1.47828347e-03 -4.71355734e-05]
 [ 1.47828966e-03  9.99998899e-01  1.31400896e-04]
 [ 4.69412737e-05 -1.31470432e-04  9.99999990e-01]]
id: 31 , current state: States.Forward_correct_lane
id: 32 , cur_t [[  2.23312467]
 [-14.16324264]
 [ 25.70424181]]
id: 32 , cur_R [[ 0.98796111 -0.07962154  0.13263954]
 [ 0.09797327  0.98555547 -0.13813633]
 [-0.119725    0.14946845  0.98149127]]
id: 32 , delta_t [[-0.0778856 ]
 [-0.39309963]
 [ 0.91619131]]
id: 32 , delta_R [[ 9.95515252e-01  2.39733870e-02 -9.15131619e-02]
 [-2.38957553e-02  9.99712565e-01  1.94406210e-03]
 [ 9.15334637e-02  2.51432654e-04  9.95801969e-01]]
id: 32 , current state: States.Change_lane_to_oncoming
id: 33 , cur_t [[  2.25032108]
 [-14.60622628]
 [ 26.60060656]]
id: 33 , cur_R [[ 0.9960194  -0.07745071  0.04412192]
 [ 0.08303001  0.98620922 -0.14316913]
 [-0.03242489  0.14626267  0.98871424]]
id: 33 , delta_t [[-0.13372844]
 [-0.3039759 ]
 [ 0.94324724]]
id: 33 , delta_R [[ 0.99604749  0.01515647 -0.08751958]
 [-0.01548296  0.99987547 -0.00305285]
 [ 0.08746241  0.00439585  0.99615812]]
id: 33 , current state: States.Change_lane_to_oncoming
id: 34 , cur_t [[  2.99683511]
 [-15.21149115]
 [ 26.87696003]]
id: 34 , cur_R [[ 0.99586779 -0.07391485 -0.0527631 ]
 [ 0.06568063  0.98745042 -0.14362357]
 [ 0.06271686  0.13956457  0.98822484]]
id: 34 , delta_t [[ 0.68432658]
 [-0.61431564]
 [ 0.39282749]]
id: 34 , delta_R [[ 9.95300384e-01  1.73454531e-02 -9.52695152e-02]
 [-1.73965003e-02  9.99848626e-01  2.94784897e-04]
 [ 9.52602070e-02  1.36395662e-03  9.95451472e-01]]
id: 34 , current state: States.Change_lane_to_oncoming
id: 35 , cur_t [[  2.15519109]
 [-14.79976608]
 [ 27.22641362]]
id: 35 , cur_R [[ 0.99550558 -0.07763315 -0.05423778]
 [ 0.06413029  0.97403819 -0.21711038]
 [ 0.06968463  0.21265631  0.97463909]]time=1640117336.3225913 Pos: [1.5725  0.      0.43875] angle 0.23293733985557882
time=1640117336.4542556 Pos: [1.5725  0.      0.43875] angle 0.2795248078266946
time=1640117336.5954013 Pos: [1.61094747 0.         0.42771404] angle 0.2795248078266946
time=1640117336.8436832 Pos: [1.64939493 0.         0.41667809] angle 0.2795248078266946
time=1640117337.0594263 Pos: [1.6878424  0.         0.40564213] angle 0.2795248078266946
time=1640117337.3102777 Pos: [1.72628986 0.         0.39460617] angle 0.2795248078266946
time=1640117337.535341 Pos: [1.76473733 0.         0.38357021] angle 0.2795248078266946
time=1640117337.7754157 Pos: [1.8031848  0.         0.37253426] angle 0.2795248078266946
time=1640117338.0350986 Pos: [1.84163226 0.         0.3614983 ] angle 0.2795248078266946
time=1640117338.293117 Pos: [1.88007973 0.         0.35046234] angle 0.2795248078266946
time=1640117338.510437 Pos: [1.91852719 0.         0.33942638] angle 0.2795248078266946
time=1640117338.793307 Pos: [1.95697466 0.         0.32839043] angle 0.2795248078266946
time=1640117339.0384302 Pos: [1.99542213 0.         0.31735447] angle 0.2795248078266946
time=1640117339.2705262 Pos: [2.03386959 0.         0.30631851] angle 0.2795248078266946
time=1640117339.513732 Pos: [2.07231706 0.         0.29528256] angle 0.2795248078266946
time=1640117339.830349 Pos: [2.11076453 0.         0.2842466 ] angle 0.2795248078266946
time=1640117340.090865 Pos: [2.14921199 0.         0.27321064] angle 0.2795248078266946
time=1640117340.5694768 Pos: [2.18765946 0.         0.26217468] angle 0.2795248078266946

id: 35 , delta_t [[-0.78920718]
 [ 0.51753942]
 [ 0.33061303]]
id: 35 , delta_R [[ 0.99999193 -0.00348362 -0.00199898]
 [ 0.00332482  0.9972087  -0.07459059]
 [ 0.00225324  0.07458335  0.99721224]]
id: 35 , current state: States.Change_lane_to_oncoming
id: 36 , cur_t [[  2.8964092 ]
 [-14.95610345]
 [ 26.57360864]]
id: 36 , cur_R [[ 0.98294347 -0.09174629 -0.1593887 ]
 [ 0.0564137   0.97531243 -0.21350212]
 [ 0.17504181  0.20086881  0.96385273]]
id: 36 , delta_t [[ 0.68237033]
 [-0.34864476]
 [-0.6425088 ]]
id: 36 , delta_R [[ 0.99429315  0.008277   -0.10636083]
 [-0.00797654  0.99996291  0.00324999]
 [ 0.10638378 -0.00238306  0.99432229]]
id: 36 , current state: States.Change_lane_to_oncoming
id: 37 , cur_t [[  2.44399705]
 [-14.3824438 ]
 [ 25.89079252]]
id: 37 , cur_R [[ 0.96622945 -0.10211068 -0.23658837]
 [ 0.0467483   0.97236265 -0.22874762]
 [ 0.25340727  0.20996258  0.94429893]]
id: 37 , delta_t [[-0.53185468]
 [ 0.46384806]
 [-0.70850235]]
id: 37 , delta_R [[ 0.99682672  0.00543088 -0.07941665]
 [-0.00679995  0.99983273 -0.01697878]
 [ 0.07931115  0.01746493  0.9966969 ]]
id: 37 , current state: States.Change_lane_to_oncoming
id: 38 , cur_t [[  2.67679645]
 [-14.89336332]
 [ 26.71829823]]
id: 38 , cur_R [[ 0.95941591 -0.13487433 -0.247649  ]
 [ 0.06837632  0.96326176 -0.25971418]
 [ 0.27357959  0.23224059  0.93339087]]
id: 38 , delta_t [[ 0.41074898]
 [-0.34682512]
 [ 0.84320674]]
id: 38 , delta_R [[ 0.99937889 -0.02964658 -0.01905028]
 [ 0.02915325  0.99924524 -0.02567183]
 [ 0.01979699  0.02510051  0.99948889]]
id: 38 , current state: States.Change_lane_to_oncoming
id: 39 , cur_t [[  2.94898221]
 [-15.43195919]
 [ 27.51568734]]
id: 39 , cur_R [[ 0.94986724 -0.17926197 -0.25615889]
 [ 0.09962326  0.95013507 -0.29549712]
 [ 0.29635695  0.25516365  0.92036084]]
id: 39 , delta_t [[ 0.44246153]
 [-0.37033357]
 [ 0.81675017]]
id: 39 , delta_R [[ 0.99893307 -0.04119968 -0.02086399]
 [ 0.04061087  0.99878545 -0.0278995 ]
 [ 0.0219881   0.02702242  0.99939297]]
id: 39 , current state: States.Change_lane_to_oncoming
id: 40 , cur_t [[  3.32402169]
 [-15.99936779]
 [ 28.24875819]]
id: 40 , cur_R [[ 0.93464032 -0.22941138 -0.27169447]
 [ 0.13443355  0.93531084 -0.32729384]
 [ 0.32920371  0.26937717  0.90501981]]
id: 40 , delta_t [[ 0.51696126]
 [-0.4192921 ]
 [ 0.74628761]]
id: 40 , delta_R [[ 0.99850591 -0.04457495 -0.03160724]
 [ 0.0438676   0.99877873 -0.02273079]
 [ 0.03258186  0.0213103   0.99924186]]
id: 40 , current state: States.Change_lane_to_oncoming
id: 41 , cur_t [[  3.71709586]
 [-16.57765918]
 [ 28.96365102]]
id: 41 , cur_R [[ 0.91092784 -0.29722939 -0.28612089]
 [ 0.18195735  0.91186268 -0.36796465]
 [ 0.37027287  0.28312744  0.88472417]]
id: 41 , delta_t [[ 0.52498658]
 [-0.43848208]
 [ 0.72946732]]
id: 41 , delta_R [[ 0.99731516 -0.06189699 -0.03913106]
 [ 0.06084696  0.99776878 -0.02747927]
 [ 0.04074464  0.02502449  0.99885617]]
id: 41 , current state: States.Change_lane_to_oncoming
id: 42 , cur_t [[  4.05249917]
 [-17.13467784]
 [ 29.72341074]]
id: 42 , cur_R [[ 0.88655687 -0.36218611 -0.28781615]
 [ 0.22229588  0.87913184 -0.42155871]
 [ 0.40571106  0.30975543  0.85991285]]
id: 42 , delta_t [[ 0.48549299]
 [-0.39250742]
 [ 0.78117506]]
id: 42 , delta_R [[ 0.9975919  -0.0630423  -0.02891478]
 [ 0.06180844  0.99721459 -0.0417467 ]
 [ 0.03146604  0.03985899  0.99870974]]
id: 42 , current state: States.Change_lane_to_oncoming
id: 43 , cur_t [[  4.42384603]
 [-17.68957592]
 [ 30.46784989]]
id: 43 , cur_R [[ 0.85660355 -0.4334475  -0.27991717]
 [ 0.26485025  0.8349474  -0.4824077 ]
 [ 0.44281453  0.33909601  0.83001758]]
id: 43 , delta_t [[ 0.50789574]
 [-0.39173118]
 [ 0.76719528]]
id: 43 , delta_R [[ 0.99698111 -0.07263654 -0.02743356]
 [ 0.07124318  0.99626713 -0.04874642]
 [ 0.03087193  0.04664481  0.99843437]]
id: 43 , current state: States.Change_lane_to_oncoming
id: 44 , cur_t [[  5.13421644]
 [-18.28320198]
 [ 30.84597945]]
id: 44 , cur_R [[ 0.78698717 -0.53339063 -0.3100736 ]
 [ 0.35342601  0.8016922  -0.48205774]
 [ 0.50570867  0.26978518  0.8194356 ]]
id: 44 , delta_t [[ 0.61872507]
 [-0.67533259]
 [ 0.4013791 ]]
id: 44 , delta_R [[ 0.99212776 -0.08733748 -0.08974782]
 [ 0.09019073  0.99552415  0.0282364 ]
 [ 0.08688003 -0.03610854  0.99556418]]
id: 44 , current state: States.Change_lane_to_oncoming
id: 45 , cur_t [[  5.56274906]
 [-18.80089667]
 [ 31.58648739]]
id: 45 , cur_R [[ 0.72956372 -0.60963566 -0.30996959]
 [ 0.39979447  0.74788719 -0.52993315]
 [ 0.55488843  0.26269587  0.78936032]]
id: 45 , delta_t [[ 0.52876418]
 [-0.44382901]
 [ 0.72348065]]
id: 45 , delta_R [[ 0.99544462 -0.08147012 -0.04952409]
 [ 0.08003538  0.99633147 -0.03029768]
 [ 0.05181076  0.02619598  0.99831329]]
id: 45 , current state: States.Change_lane_to_oncoming
id: 46 , cur_t [[  5.90133625]
 [-19.2964295 ]
 [ 32.38636609]]
id: 46 , cur_R [[ 0.66965207 -0.6811149  -0.29605505]
 [ 0.43423616  0.68247909 -0.58792963]
 [ 0.60249902  0.26515049  0.75278825]]
id: 46 , delta_t [[ 0.49275308]
 [-0.36689264]
 [ 0.78904004]]
id: 46 , delta_R [[ 0.99555385 -0.08478453 -0.041038  ]
 [ 0.08297966  0.99558598 -0.04385127]
 [ 0.04457476  0.04025098  0.99819485]]
id: 46 , current state: States.Change_lane_to_oncoming
id: 47 , cur_t [[  6.24939703]
 [-19.79781157]
 [ 33.17849595]]
id: 47 , cur_R [[ 0.60861091 -0.74310695 -0.27818129]
 [ 0.45491309  0.61403123 -0.64499592]
 [ 0.65011295  0.26600324  0.71175518]]
id: 47 , delta_t [[ 0.49261886]
 [-0.36921855]
 [ 0.78803827]]
id: 47 , delta_R [[ 0.99605575 -0.07932306 -0.03975931]
 [ 0.07736197  0.9958154  -0.04864998]
 [ 0.04345199  0.04538223  0.99802424]]
id: 47 , current state: States.Change_lane_to_oncoming
id: 48 , cur_t [[  5.4408136 ]
 [-19.60955517]
 [ 33.73594762]]
id: 48 , cur_R [[ 0.60562938 -0.74646684 -0.27568154]
 [ 0.32603501  0.5488022  -0.76975146]
 [ 0.72588858  0.37630227  0.57574506]]
id: 48 , delta_t [[-0.04406585]
 [ 0.86474322]
 [ 0.50027729]]
id: 48 , delta_R [[ 0.99998679 -0.00503175 -0.00105286]
 [ 0.00474019  0.98178583 -0.18993185]
 [ 0.00198937  0.18992435  0.98179671]]
id: 48 , current state: States.Change_lane_to_oncoming
id: 49 , cur_t [[  4.94890143]
 [-18.9524958 ]
 [ 33.16472489]]
id: 49 , cur_R [[ 0.55429282 -0.79667003 -0.24099033]
 [ 0.32208793  0.47229166 -0.82048763]
 [ 0.76747562  0.37717033  0.51838568]]
id: 49 , delta_t [[-0.49833615]
 [ 0.51283935]
 [-0.69903997]]
id: 49 , delta_R [[ 0.99682036 -0.07099274 -0.0361829 ]
 [ 0.06870914  0.9957782  -0.06086733]
 [ 0.04035128  0.05818769  0.99748983]]
id: 49 , current state: States.Change_lane_to_oncoming
id: 50 , cur_t [[  4.52347007]
 [-18.28622429]
 [ 32.55227863]]
id: 50 , cur_R [[ 0.50035553 -0.84210481 -0.20125564]
 [ 0.31157896  0.39200111 -0.86559441]
 [ 0.80781365  0.37039793  0.45852207]]
id: 50 , delta_t [[-0.49125312]
 [ 0.42260634]
 [-0.76162606]]
id: 50 , delta_R [[ 0.9967238  -0.07143283 -0.03793432]
 [ 0.06901033  0.99570418 -0.0617313 ]
 [ 0.042181    0.0589112   0.99737166]]
id: 50 , current state: States.Change_lane_to_oncoming
id: 51 , cur_t [[  5.03691001]
 [-18.96457216]
 [ 33.07784841]]
id: 51 , cur_R [[ 0.44967197 -0.87874611 -0.16000125]
 [ 0.29541154  0.31536997 -0.90181695]
 [ 0.84292772  0.35825559  0.40140478]]
id: 51 , delta_t [[ 0.47010602]
 [-0.5036134 ]
 [ 0.72482679]]
id: 51 , delta_R [[ 0.99719333 -0.06586493 -0.03559869]
 [ 0.06373198  0.99627711 -0.05805311]
 [ 0.03928982  0.0556214   0.99767859]]
id: 51 , current state: States.Change_lane_to_oncoming
id: 52 , cur_t [[  5.68188529]
 [-19.62743428]
 [ 33.45813868]]
id: 52 , cur_R [[ 0.4002904  -0.90937762 -0.11313683]
 [ 0.28260356  0.23994265 -0.92874256]
 [ 0.87172405  0.33979386  0.3530401 ]]
id: 52 , delta_t [[ 0.4147674 ]
 [-0.63957521]
 [ 0.64723377]]
id: 52 , delta_R [[ 0.99721345 -0.06651128 -0.0337874 ]
 [ 0.0648302   0.99671084 -0.04862653]
 [ 0.03691048  0.04630058  0.9982454 ]]
id: 52 , current state: States.Change_lane_to_oncoming
id: 53 , cur_t [[  6.1492998 ]
 [-20.29729918]
 [ 34.03503095]]
id: 53 , cur_R [[ 0.35281095 -0.9331772  -0.06859116]
 [ 0.25907207  0.16786157 -0.95115938]
 [ 0.89911406  0.31780939  0.30098354]]
id: 53 , delta_t [[ 0.5006862 ]
 [-0.38976101]
 [ 0.77291635]]
id: 53 , delta_R [[ 0.99759748 -0.06049985 -0.03374952]
 [ 0.05866566  0.99687404 -0.05291972]
 [ 0.03684566  0.05081264  0.99802829]]time=1640117340.9279552 Pos: [2.22610692 0.         0.25113873] angle 0.2795248078266946
time=1640117341.280363 Pos: [2.26455439 0.         0.24010277] angle 0.2795248078266946
time=1640117341.5618773 Pos: [2.30300186 0.         0.22906681] angle 0.2795248078266946
time=1640117341.830974 Pos: [2.34144932 0.         0.21803085] angle 0.2795248078266946
time=1640117342.1076024 Pos: [2.34144932 0.         0.21803085] angle 0.23293733985557882
time=1640117342.257441 Pos: [2.34144932 0.         0.21803085] angle 0.18634987188446306
time=1640117342.402326 Pos: [2.34144932 0.         0.21803085] angle 0.1397624039133473
time=1640117342.5894506 Pos: [2.34144932 0.         0.21803085] angle 0.09317493594223153
time=1640117342.7735403 Pos: [2.34144932 0.         0.21803085] angle 0.046587467971115765
time=1640117342.9204345 Pos: [2.34144932 0.         0.21803085] angle 0.0
time=1640117343.1093247 Pos: [2.38144932 0.         0.21803085] angle 0.0
time=1640117343.2761436 Pos: [2.42144932 0.         0.21803085] angle 0.0
time=1640117343.425788 Pos: [2.46144932 0.         0.21803085] angle 0.0
time=1640117343.5628726 Pos: [2.50144932 0.         0.21803085] angle 0.0
time=1640117343.687207 Pos: [2.54144932 0.         0.21803085] angle 0.0
time=1640117343.8079104 Pos: [2.58144932 0.         0.21803085] angle 0.0
time=1640117343.929202 Pos: [2.62144932 0.         0.21803085] angle 0.0

id: 53 , current state: States.Change_lane_to_oncoming
id: 54 , cur_t [[  5.38943176]
 [-20.07922586]
 [ 34.64743979]]
id: 54 , cur_R [[ 0.279288   -0.94550627 -0.16738013]
 [ 0.0453243   0.18710363 -0.98129401]
 [ 0.95913707  0.26647725  0.0951102 ]]
id: 54 , delta_t [[0.33903234]
 [0.94032694]
 [0.02902273]]
id: 54 , delta_R [[ 0.99234155  0.07284673 -0.09975767]
 [-0.09130183  0.97651677 -0.19513835]
 [ 0.08319984  0.20275195  0.97568921]]
id: 54 , current state: States.Change_lane_to_oncoming
id: 55 , cur_t [[  5.76878453]
 [-20.88596634]
 [ 35.10049747]]
id: 55 , cur_R [[ 0.25048883 -0.95940293 -0.12962006]
 [ 0.02173673  0.13942821 -0.98999358]
 [ 0.96787544  0.24516482  0.05577949]]
id: 55 , delta_t [[ 0.50392815]
 [-0.38889493]
 [ 0.7712439 ]]
id: 55 , delta_R [[ 0.99877583 -0.04095915 -0.02773412]
 [ 0.03994581  0.9985475  -0.03615554]
 [ 0.02917474  0.03500342  0.99896126]]
id: 55 , current state: States.Change_lane_to_oncoming
id: 56 , cur_t [[  6.166587  ]
 [-21.6938833 ]
 [ 35.53526567]]
id: 56 , cur_R [[ 0.22397623 -0.96960991 -0.09844423]
 [-0.00216703  0.10051472 -0.99493321]
 [ 0.9745922   0.22305472  0.02041173]]
id: 56 , delta_t [[ 0.50288507]
 [-0.3877094 ]
 [ 0.77252057]]
id: 56 , delta_R [[ 0.99911048 -0.03286331 -0.02642432]
 [ 0.03198637  0.99894498 -0.03295161]
 [ 0.02747934  0.03207708  0.99910758]]
id: 56 , current state: States.Change_lane_to_oncoming
id: 57 , cur_t [[  6.58497028]
 [-22.50072297]
 [ 35.952357  ]]
id: 57 , cur_R [[ 0.2048463  -0.97703003 -0.05873936]
 [-0.01766203  0.05631247 -0.99825696]
 [ 0.97863479  0.2055267  -0.00572093]]
id: 57 , delta_t [[ 0.50195031]
 [-0.39373365]
 [ 0.77007772]]
id: 57 , delta_R [[ 0.99900126 -0.04020806 -0.01948853]
 [ 0.03971563  0.99889751 -0.02502867]
 [ 0.0204734   0.02422967  0.99949675]]
id: 57 , current state: States.Change_lane_to_oncoming
id: 58 , cur_t [[  7.03803708]
 [-23.29859874]
 [ 36.350006  ]]
id: 58 , cur_R [[ 0.27768996 -0.95979473 -0.04101667]
 [-0.00140451  0.0422902  -0.99910438]
 [ 0.96066972  0.27749887  0.01039552]]
id: 58 , delta_t [[ 0.49605431]
 [-0.40586274]
 [ 0.76759726]]
id: 58 , delta_R [[ 0.99704133 -0.01800781  0.07472827]
 [ 0.01708025  0.99976918  0.01303307]
 [-0.07494572 -0.01171813  0.99711876]]
id: 58 , current state: States.Change_lane_to_oncoming
id: 59 , cur_t [[  7.52462327]
 [-24.11524177]
 [ 36.66037358]]
id: 59 , cur_R [[ 0.35084515 -0.93613647 -0.02358373]
 [ 0.01252305  0.02987278 -0.99947526]
 [ 0.93634975  0.35036571  0.02220401]]
id: 59 , delta_t [[ 0.43442782]
 [-0.41543221]
 [ 0.79917992]]
id: 59 , delta_R [[ 0.99689235 -0.01651956  0.07702434]
 [ 0.01580093  0.99982585  0.00993011]
 [-0.07717497 -0.00868219  0.99697976]]
id: 59 , current state: States.Change_lane_to_oncoming
id: 60 , cur_t [[  8.03697591]
 [-24.94855357]
 [ 36.86794579]]
id: 60 , cur_R [[ 0.42482057 -0.90527024 -0.0036442 ]
 [ 0.02410972  0.01533798 -0.99959165]
 [ 0.90495647  0.42455923  0.0283417 ]]
id: 60 , delta_t [[ 0.36368102]
 [-0.43179915]
 [ 0.82540027]]
id: 60 , delta_R [[ 0.99658866 -0.0180806   0.08052406]
 [ 0.01767443  0.99982724  0.0057541 ]
 [-0.08061419 -0.00431125  0.99673606]]
id: 60 , current state: States.Change_lane_to_oncoming
id: 61 , cur_t [[  8.55804145]
 [-25.79754983]
 [ 36.95567289]]
id: 61 , cur_R [[ 0.50066374 -0.86551824  0.01462883]
 [ 0.03591974  0.00388719 -0.99934712]
 [ 0.86489629  0.50086233  0.03303537]]
id: 61 , delta_t [[ 0.2802795 ]
 [-0.44748167]
 [ 0.84923705]]
id: 61 , delta_R [[ 0.99616684 -0.0158273   0.08602974]
 [ 0.01538231  0.99986467  0.00583294]
 [-0.08611041 -0.00448725  0.99627549]]
id: 61 , current state: States.Change_lane_to_oncoming
id: 62 , cur_t [[  9.05999725]
 [-26.66243279]
 [ 36.95144893]]
id: 62 , cur_R [[ 0.57692099 -0.8160101   0.03591214]
 [ 0.04904955 -0.00927642 -0.99875327]
 [ 0.81532589  0.5779632   0.03467317]]
id: 62 , delta_t [[ 0.2165914 ]
 [-0.43992949]
 [ 0.87152178]]
id: 62 , delta_R [[ 0.9956404  -0.01833783  0.09145448]
 [ 0.01797565  0.99982699  0.00478239]
 [-0.09152635 -0.00311758  0.99579777]]
id: 62 , current state: States.Change_lane_to_oncoming
id: 63 , cur_t [[  9.13058855]
 [-27.46502075]
 [ 37.54379126]]
id: 63 , cur_R [[ 0.64765165 -0.76080943  0.04142886]
 [ 0.04293233 -0.01784791 -0.99891855]
 [ 0.76072607  0.64872989  0.02110409]]
id: 63 , delta_t [[0.48431106]
 [0.292194  ]
 [0.82466082]]
id: 63 , delta_R [[ 0.99595981 -0.0025526   0.08976378]
 [ 0.00345934  0.99994454 -0.00994727]
 [-0.08973341  0.01021761  0.99591341]]
id: 63 , current state: States.Forward_oncoming_lane
id: 64 , distances: 0.9999999999999987 0.0
id: 64 , cur_t [[  9.5424804 ]
 [-28.34124027]
 [ 37.2936224 ]]
id: 64 , cur_R [[ 0.64649097 -0.76149843  0.04657862]
 [ 0.04619262 -0.02187088 -0.9986931 ]
 [ 0.76152194  0.64779766  0.02103628]]
id: 64 , delta_t [[ 0.03883432]
 [-0.46002453]
 [ 0.88705655]]
id: 64 , delta_R [[ 9.99985829e-01 -5.18172967e-03 -1.22125797e-03]
 [ 5.18158100e-03  9.99986568e-01 -1.24874004e-04]
 [ 1.22188863e-03  1.18544187e-04  9.99999246e-01]]
id: 64 , current state: States.Forward_oncoming_lane
id: 65 , distances: 1.7799627037939079 0.9999999999999987
id: 65 , cur_t [[  9.95611148]
 [-29.22181125]
 [ 37.0623129 ]]
id: 65 , cur_R [[ 0.64778467 -0.76040268  0.04650578]
 [ 0.04577369 -0.0220859  -0.99870766]
 [ 0.7604471   0.64907625  0.02049953]]
id: 65 , delta_t [[ 0.05058562]
 [-0.44556232]
 [ 0.89382063]]
id: 65 , delta_R [[ 9.99998560e-01  1.08546475e-04  1.69347224e-03]
 [-1.07769964e-04  9.99999889e-01 -4.58616572e-04]
 [-1.69352183e-03  4.58433406e-04  9.99998461e-01]]
id: 65 , current state: States.Forward_oncoming_lane
id: 66 , distances: 2.7139877672927435 1.7799627037939079
id: 66 , cur_t [[ 10.3629329 ]
 [-30.10517575]
 [ 36.82958238]]
id: 66 , cur_R [[ 0.64777498 -0.76088918  0.03788433]
 [ 0.04009961 -0.01560505 -0.99907382]
 [ 0.76077565  0.64869417  0.0204028 ]]
id: 66 , delta_t [[ 0.04611857]
 [-0.44089805]
 [ 0.89637157]]
id: 66 , delta_R [[ 9.99962717e-01  8.62060659e-03 -4.99879580e-04]
 [-8.62066548e-03  9.99962835e-01 -1.15778088e-04]
 [ 4.98862924e-04  1.20083066e-04  9.99999868e-01]]
id: 66 , current state: States.Forward_oncoming_lane
id: 67 , distances: 3.68306554376721 2.7139877672927435
id: 67 , cur_t [[ 10.76733636]
 [-30.98615477]
 [ 36.58395297]]
id: 67 , cur_R [[ 0.64910227 -0.75950537  0.04263609]
 [ 0.04330788 -0.01906121 -0.99887992]
 [ 0.75946736  0.6502217   0.02051989]]
id: 67 , delta_t [[ 0.03976666]
 [-0.45329686]
 [ 0.8904721 ]]
id: 67 , delta_R [[ 9.99986872e-01 -4.71572839e-03  2.00438649e-03]
 [ 4.71533140e-03  9.99988862e-01  2.02740393e-04]
 [-2.00532024e-03 -1.93286385e-04  9.99997971e-01]]
id: 67 , current state: States.Forward_oncoming_lane
id: 68 , distances: 4.663113962406406 3.68306554376721
id: 68 , cur_t [[ 11.18281279]
 [-31.85429146]
 [ 36.31244236]]
id: 68 , cur_R [[ 0.64836071 -0.76013481  0.042702  ]
 [ 0.04384706 -0.01871344 -0.99886297]
 [ 0.76006962  0.64949586  0.02119662]]
id: 68 , delta_t [[ 0.02588608]
 [-0.47555094]
 [ 0.87930724]]
id: 68 , delta_R [[ 9.99999525e-01 -8.59608233e-05 -9.71110320e-04]
 [ 8.65784402e-05  9.99999794e-01  6.35966328e-04]
 [ 9.71055452e-04 -6.36050103e-04  9.99999326e-01]]
id: 68 , current state: States.Forward_oncoming_lane
id: 69 , distances: 5.64535841758384 4.663113962406406
id: 69 , cur_t [[ 11.59611972]
 [-32.72831419]
 [ 36.05697876]]
id: 69 , cur_R [[ 0.64758476 -0.76082022  0.04226779]
 [ 0.04326893 -0.01866477 -0.9988891 ]
 [ 0.76076394  0.64869424  0.02083286]]
id: 69 , delta_t [[ 0.03547852]
 [-0.46373556]
