False: Accepted
time=1640116977.5341089 gym-duckietown 2019.0.0

time=1640116977.9090588 Registering gym environment id: Duckietown-4way-v0
time=1640116977.9092207 Registering gym environment id: Duckietown-loop_dyn_duckiebots-v0
time=1640116977.909323 Registering gym environment id: Duckietown-loop_empty-v0
time=1640116977.9094472 Registering gym environment id: Duckietown-loop_obstacles-v0
time=1640116977.9095774 Registering gym environment id: Duckietown-loop_pedestrians-v0
time=1640116977.9097073 Registering gym environment id: Duckietown-small_loop-v0
time=1640116977.9098194 Registering gym environment id: Duckietown-small_loop_cw-v0
time=1640116977.9099326 Registering gym environment id: Duckietown-straight_road-v0
time=1640116977.9100204 Registering gym environment id: Duckietown-straight_road_10_tiles_no_start_tile-v0
time=1640116977.9100983 Registering gym environment id: Duckietown-straight_road_no_start_tile-v0
time=1640116977.9101758 Registering gym environment id: Duckietown-straight_road_trafficlight-v0
time=1640116977.9102516 Registering gym environment id: Duckietown-straight_road_with_side_floor-v0
time=1640116977.9103389 Registering gym environment id: Duckietown-udem1-v0
time=1640116977.91045 Registering gym environment id: Duckietown-zigzag_dists-v0
time=1640116979.8467293 Falling back to non-multisampled frame buffer
time=1640116979.85115 Falling back to non-multisampled frame buffer
time=1640116979.8556852 loading map file "/home/appuser/aido-auto/gym-duckietown/gym_duckietown/maps/straight_road.yaml"
time=1640116979.8630087 loading mesh "duckiebot.obj"
time=1640116979.8633006 loading materials from "/home/appuser/aido-auto/gym-duckietown/gym_duckietown/meshes/duckiebot.mtl"
time=1640116980.28391 loading texture "straight_1.png"
time=1640116980.3016224 road_tile_size=0.585
time=1640116980.3021688 Starting at [0.2925  0.      0.43875] 0
time=1640116980.3025162 Pos: [0.2925  0.      0.43875] angle 0
time=1640116980.4765954 using DuckietownEnv
/usr/local/lib/python3.6/dist-packages/gym/spaces/box.py:74: UserWarning: [33mWARN: Box bound precision lowered by casting to float32[0m
  "Box bound precision lowered by casting to {}".format(self.dtype)
time=1640116980.4780824 loading mesh "duckie.obj"
time=1640116980.5274477 loading texture "duckie.png"
time=1640116981.1832862 Pos: [0.2925  0.      0.43875] angle 0
time=1640116981.4665675 Pos: [0.3325  0.      0.43875] angle 0
time=1640116981.6098218 Pos: [0.3725  0.      0.43875] angle 0
time=1640116981.7370136 Pos: [0.4125  0.      0.43875] angle 0
time=1640116981.855712 Pos: [0.4525  0.      0.43875] angle 0
time=1640116981.9962575 Pos: [0.4925  0.      0.43875] angle 0
time=1640116982.142349 Pos: [0.5325  0.      0.43875] angle 0
time=1640116982.2687914 Pos: [0.5725  0.      0.43875] angle 0
time=1640116982.4172318 Pos: [0.6125  0.      0.43875] angle 0
time=1640116982.556912 Pos: [0.6525  0.      0.43875] angle 0
time=1640116982.6886957 Pos: [0.6925  0.      0.43875] angle 0
time=1640116982.801977 Pos: [0.7325  0.      0.43875] angle 0
time=1640116982.9296322 Pos: [0.7725  0.      0.43875] angle 0
time=1640116983.0539305 Pos: [0.8125  0.      0.43875] angle 0
time=1640116983.1690164 Pos: [0.8525  0.      0.43875] angle 0
time=1640116983.2892437 Pos: [0.8925  0.      0.43875] angle 0
time=1640116983.4034612 Pos: [0.9325  0.      0.43875] angle 0
time=1640116983.5160496 Pos: [0.9725  0.      0.43875] angle 0
time=1640116983.6284215 Pos: [1.0125  0.      0.43875] angle 0
env.road_tile_size = 0.585
id: 0 , cur_t None
id: 0 , cur_R None
id: 0 , delta_t None
id: 0 , delta_R None
id: 0 , current state: States.Forward_correct_lane
id: 1 , cur_t [[-0.06191881]
 [-0.40987947]
 [ 0.91003565]]
id: 1 , cur_R [[ 1.00000000e+00 -1.49991131e-13 -8.09977085e-14]
 [ 1.50213175e-13  1.00000000e+00 -2.40918396e-14]
 [ 8.09005640e-14  2.42028619e-14  1.00000000e+00]]
id: 1 , delta_t None
id: 1 , delta_R None
id: 1 , current state: States.Forward_correct_lane
id: 2 , cur_t [[-0.03945537]
 [-0.86636814]
 [ 1.79948125]]
id: 2 , cur_R [[ 9.99999226e-01  4.47185896e-04  1.16106096e-03]
 [-4.46489023e-04  9.99999720e-01 -6.00392984e-04]
 [-1.16132912e-03  5.99874118e-04  9.99999146e-01]]
id: 2 , delta_t [[ 0.02246344]
 [-0.45648867]
 [ 0.88944561]]
id: 2 , delta_R [[ 9.99999226e-01  4.47185896e-04  1.16106096e-03]
 [-4.46489023e-04  9.99999720e-01 -6.00392984e-04]
 [-1.16132912e-03  5.99874118e-04  9.99999146e-01]]
id: 2 , current state: States.Forward_correct_lane
id: 3 , cur_t [[-0.02480892]
 [-1.31847561]
 [ 2.69132447]]
id: 3 , cur_R [[ 9.99985160e-01 -4.62743425e-03  2.87527125e-03]
 [ 4.62690939e-03  9.99989278e-01  1.89167331e-04]
 [-2.87611578e-03 -1.75860904e-04  9.99995849e-01]]
id: 3 , delta_t [[ 0.01381257]
 [-0.45156579]
 [ 0.8921309 ]]
id: 3 , delta_R [[ 9.99985655e-01 -5.07564164e-03  1.71118103e-03]
 [ 5.07430654e-03  9.99986819e-01  7.83661491e-04]
 [-1.71513606e-03 -7.74967192e-04  9.99998229e-01]]
id: 3 , current state: States.Forward_correct_lane
id: 4 , cur_t [[-0.01599412]
 [-1.76602513]
 [ 3.58554017]]
id: 4 , cur_R [[ 9.99995058e-01 -1.52221826e-03  2.75096698e-03]
 [ 1.52381274e-03  9.99998672e-01 -5.77600848e-04]
 [-2.75008409e-03  5.81789952e-04  9.99996049e-01]]
id: 4 , delta_t [[ 0.00417204]
 [-0.44774277]
 [ 0.89415267]]
id: 4 , delta_R [[ 9.99995171e-01  3.10520497e-03 -1.24878305e-04]
 [-3.10529874e-03  9.99994891e-01 -7.57841783e-04]
 [ 1.22524413e-04  7.58225907e-04  9.99999705e-01]]
id: 4 , current state: States.Forward_correct_lane
id: 5 , cur_t [[-0.02935627]
 [-2.20155057]
 [ 4.48561742]]
id: 5 , cur_R [[ 9.99993316e-01  1.55902021e-04  3.65297330e-03]
 [-1.54259586e-04  9.99999887e-01 -4.49893428e-04]
 [-3.65304302e-03  4.49326915e-04  9.99993227e-01]]
id: 5 , delta_t [[-0.01650104]
 [-0.43498086]
 [ 0.90028849]]
id: 5 , delta_R [[ 9.99998185e-01  1.67759440e-03  9.02983855e-04]
 [-1.67771456e-03  9.99998584e-01  1.32322462e-04]
 [-9.02760593e-04 -1.33837171e-04  9.99999584e-01]]
id: 5 , current state: States.Forward_correct_lane
id: 6 , cur_t [[-0.03175322]
 [-2.64259592]
 [ 5.38309904]]
id: 6 , cur_R [[ 0.99999138  0.00230835  0.00345036]
 [-0.00230354  0.99999637 -0.00139781]
 [-0.00345357  0.00138985  0.99999307]]
id: 6 , delta_t [[-0.00560743]
 [-0.44064241]
 [ 0.8976652 ]]
id: 6 , delta_R [[ 9.99997663e-01  2.15254244e-03 -2.01642220e-04]
 [-2.15273109e-03  9.99997241e-01 -9.40057366e-04]
 [ 1.99618150e-04  9.40489251e-04  9.99999538e-01]]
id: 6 , current state: States.Forward_correct_lane
id: 7 , cur_t [[-0.01554519]
 [-3.09747363]
 [ 6.27350544]]
id: 7 , cur_R [[ 9.99983329e-01  3.84677008e-03  4.30631919e-03]
 [-3.84279013e-03  9.99992182e-01 -9.32105825e-04]
 [-4.30987112e-03  9.15542005e-04  9.99990293e-01]]
id: 7 , delta_t [[ 0.01418064]
 [-0.45360111]
 [ 0.89109199]]
id: 7 , delta_R [[ 9.99998450e-01  1.53723333e-03  8.58123745e-04]
 [-1.53763790e-03  9.99998707e-01  4.71008084e-04]
 [-8.57398586e-04 -4.72326838e-04  9.99999521e-01]]
id: 7 , current state: States.Forward_correct_lane
id: 8 , cur_t [[-0.02490617]
 [-3.5405644 ]
 [ 7.16993332]]
id: 8 , cur_R [[ 9.99922849e-01  1.23124089e-02  1.64364084e-03]
 [-1.23115730e-02  9.99924076e-01 -5.17722155e-04]
 [-1.64989045e-03  4.97446408e-04  9.99998515e-01]]
id: 8 , delta_t [[-0.01152161]
 [-0.4423026 ]
 [ 0.89679187]]
id: 8 , delta_R [[ 9.99960620e-01  8.46828698e-03 -2.65464119e-03]
 [-8.46711924e-03  9.99964052e-01  4.50816656e-04]
 [ 2.65836341e-03 -4.28321739e-04  9.99996375e-01]]
id: 8 , current state: States.Forward_correct_lane
id: 9 , cur_t [[-0.01746905]
 [-3.99233665]
 [ 8.06203563]]
id: 9 , cur_R [[ 0.99990609  0.01294576  0.00449745]
 [-0.01293449  0.99991316 -0.00252428]
 [-0.00452973  0.00246587  0.9999867 ]]
id: 9 , delta_t [[ 0.0115267 ]
 [-0.45120261]
 [ 0.8923471 ]]
id: 9 , delta_R [[ 9.99995727e-01  6.32027842e-04  2.85414303e-03]
 [-6.26305056e-04  9.99997793e-01 -2.00552905e-03]
 [-2.85540428e-03  2.00373291e-03  9.99993916e-01]]
id: 9 , current state: States.Forward_correct_lane
id: 10 , cur_t [[-0.11912975]
 [-4.37414634]
 [ 8.98066856]]
id: 10 , cur_R [[ 0.99985401  0.01688239  0.00263497]
 [-0.01687747  0.9998558  -0.00187841]
 [-0.00266631  0.00183366  0.99999476]]
id: 10 , delta_t [[-0.1008738 ]
 [-0.38082738]
 [ 0.91912729]]
id: 10 , delta_R [[ 9.99990516e-01  3.94166870e-03 -1.85250346e-03]
 [-3.94044532e-03  9.99992016e-01  6.63579881e-04]
 [ 1.85510428e-03 -6.56273898e-04  9.99998064e-01]]
id: 10 , current state: States.Forward_correct_lane
id: 11 , cur_t [[ 0.08581704]
 [-4.93326741]
 [ 9.78402429]]
id: 11 , cur_R [[ 0.99979104  0.01859783  0.00848474]
 [-0.0185318   0.99979788 -0.00779598]
 [-0.00862801  0.00763711  0.99993361]]
id: 11 , delta_t [[ 0.21221143]
 [-0.55410737]
 [ 0.80494182]]
id: 11 , delta_R [[ 0.99998142  0.00170526  0.00585305]
 [-0.00167065  0.99998112 -0.00591324]
 [-0.00586302  0.00590335  0.99996539]]
id: 11 , current state: States.Forward_correct_lane
id: 12 , cur_t [[ 0.08516403]
 [-5.3826728 ]
 [10.67735199]]
id: 12 , cur_R [[ 0.99977722  0.01920909  0.00874708]
 [-0.01914135  0.99978665 -0.00776282]
 [-0.00889434  0.00759366  0.99993161]]
id: 12 , delta_t [[-3.22256522e-05]
 [-4.42504255e-01]
 [ 8.96766404e-01]]
id: 12 , delta_R [[ 9.99999779e-01  6.09345545e-04  2.67115419e-04]
 [-6.09355804e-04  9.99999814e-01  3.83299918e-05]
 [-2.67092013e-04 -3.84927516e-05  9.99999964e-01]]
id: 12 , current state: States.Forward_correct_lane
id: 13 , cur_t [[ 0.11278574]
 [-5.84608204]
 [11.56306578]]
id: 13 , cur_R [[ 0.99971508  0.02232247  0.00845329]
 [-0.02225454  0.99971995 -0.00804707]
 [-0.00863055  0.00785665  0.99993189]]
id: 13 , delta_t [[ 0.028608  ]
 [-0.45605397]
 [ 0.88949219]]
id: 13 , delta_R [[ 9.99995108e-01  3.11619152e-03 -2.69578935e-04]
 [-3.11626082e-03  9.99995111e-01 -2.57041074e-04]
 [ 2.68776628e-04  2.57879895e-04  9.99999931e-01]]
id: 13 , current state: States.Forward_correct_lane
id: 14 , cur_t [[ 0.1485802 ]
 [-6.32164543]
 [12.44201869]]
id: 14 , cur_R [[ 0.99961976  0.02580627  0.00971472]
 [-0.02569654  0.99960643 -0.01125509]
 [-0.01000135  0.01100117  0.99988947]]
id: 14 , delta_t [[ 0.03878185]
 [-0.46772556]
 [ 0.88302252]]
id: 14 , delta_R [[ 0.99999313  0.00347479  0.00128954]
 [-0.00347068  0.99998892 -0.00317899]
 [-0.00130057  0.00317449  0.99999412]]
id: 14 , current state: States.Forward_correct_lane
id: 15 , cur_t [[ 0.17141474]
 [-6.79199127]
 [13.32420539]]
id: 15 , cur_R [[ 0.99956671  0.02819401  0.00845555]
 [-0.02809766  0.99954125 -0.0113051 ]
 [-0.00877041  0.01106262  0.99990034]]
id: 15 , delta_t [[ 0.02608906]
 [-0.45986636]
 [ 0.88760481]]
id: 15 , delta_R [[ 9.99996355e-01  2.40234169e-03 -1.23223301e-03]
 [-2.40237642e-03  9.99997114e-01 -2.67091051e-05]
 [ 1.23216529e-03  2.96692953e-05  9.99999240e-01]]
id: 15 , current state: States.Forward_correct_lane
id: 16 , cur_t [[ 0.20303261]
 [-7.26674599]
 [14.20375542]]
id: 16 , cur_R [[ 0.99955909  0.02843072  0.00856237]
 [-0.02833391  0.99953551 -0.01122319]
 [-0.00887748  0.01097564  0.99990036]]
id: 16 , delta_t [[ 0.03722966]
 [-0.46391537]
 [ 0.88509688]]
id: 16 , delta_R [[ 9.99999966e-01  2.35607743e-04  1.09496229e-04]
 [-2.35616931e-04  9.99999969e-01  8.39075203e-05]
 [-1.09476457e-04 -8.39333166e-05  9.99999990e-01]]
id: 16 , current state: States.Forward_correct_lane
id: 17 , cur_t [[ 0.04210382]
 [-7.623732  ]
 [15.1238983 ]]
id: 17 , cur_R [[ 0.99952924  0.02910451  0.0097074 ]
 [-0.02899368  0.99951494 -0.01136856]
 [-0.01003357  0.01108175  0.99988825]]
id: 17 , delta_t [[-0.15891158]
 [-0.35129637]
 [ 0.92267978]]
id: 17 , delta_R [[ 9.99999117e-01  6.61469251e-04  1.15257154e-03]
 [-6.61308643e-04  9.99999772e-01 -1.39722826e-04]
 [-1.15266370e-03  1.38960497e-04  9.99999326e-01]]time=1640116983.739919 Pos: [1.0525  0.      0.43875] angle 0
time=1640116983.851149 Pos: [1.0925  0.      0.43875] angle 0
time=1640116983.9660716 Pos: [1.1325  0.      0.43875] angle 0
time=1640116984.082435 Pos: [1.1725  0.      0.43875] angle 0
time=1640116984.200141 Pos: [1.2125  0.      0.43875] angle 0
time=1640116984.322467 Pos: [1.2525  0.      0.43875] angle 0
time=1640116984.4562614 Pos: [1.2925  0.      0.43875] angle 0
time=1640116984.5652056 Pos: [1.3325  0.      0.43875] angle 0
time=1640116984.6870143 Pos: [1.3725  0.      0.43875] angle 0
time=1640116984.80738 Pos: [1.4125  0.      0.43875] angle 0
time=1640116984.9228714 Pos: [1.4525  0.      0.43875] angle 0
time=1640116985.0400934 Pos: [1.4925  0.      0.43875] angle 0
time=1640116985.158291 Pos: [1.5325  0.      0.43875] angle 0
time=1640116985.2707596 Pos: [1.5725  0.      0.43875] angle 0
time=1640116985.3858123 Pos: [1.6125  0.      0.43875] angle 0
time=1640116985.5031974 Pos: [1.6525  0.      0.43875] angle 0
time=1640116985.6271682 Pos: [1.6925  0.      0.43875] angle 0

id: 17 , current state: States.Forward_correct_lane
id: 18 , cur_t [[ 0.12049385]
 [-8.1308305 ]
 [15.98221416]]
id: 18 , cur_R [[ 0.9993219   0.03535943  0.01026914]
 [-0.03523715  0.99930867 -0.0118541 ]
 [-0.01068119  0.01148421  0.99987701]]
id: 18 , delta_t [[ 0.08444381]
 [-0.49505937]
 [ 0.86474589]]
id: 18 , delta_R [[ 9.99980259e-01  6.25151469e-03  6.33070224e-04]
 [-6.25124624e-03  9.99980370e-01 -4.25129174e-04]
 [-6.35715498e-04  4.21163304e-04  9.99999709e-01]]
id: 18 , current state: States.Forward_correct_lane
id: 19 , cur_t [[ 0.14082892]
 [-8.59410136]
 [16.86819756]]
id: 19 , cur_R [[ 0.9993219   0.03535943  0.01026914]
 [-0.03523715  0.99930867 -0.0118541 ]
 [-0.01068119  0.01148421  0.99987701]]
id: 19 , delta_t [[ 0.02718227]
 [-0.45205674]
 [ 0.89157491]]
id: 19 , delta_R [[ 1.00000000e+00  2.22911967e-15  2.49696097e-14]
 [-2.57953381e-15  1.00000000e+00  9.27036226e-15]
 [-2.51638987e-14 -9.43689571e-15  1.00000000e+00]]
id: 19 , current state: States.Forward_correct_lane
id: 20 , cur_t [[ 0.06581765]
 [-9.0086517 ]
 [17.77512718]]
id: 20 , cur_R [[ 0.99938932  0.03325356  0.01073213]
 [-0.03311745  0.99937178 -0.01262052]
 [-0.01114507  0.0122574   0.99986276]]
id: 20 , delta_t [[-0.07003992]
 [-0.40650074]
 [ 0.91096189]]
id: 20 , delta_R [[ 9.99997673e-01 -2.11228027e-03  4.38032392e-04]
 [ 2.11262510e-03  9.99997458e-01 -7.88245905e-04]
 [-4.36366282e-04  7.89169469e-04  9.99999593e-01]]
id: 20 , current state: States.Forward_correct_lane
id: 21 , cur_t [[ 0.44969106]
 [-9.64345202]
 [18.44570138]]
id: 21 , cur_R [[ 0.9990351   0.04283172 -0.00971129]
 [-0.04281428  0.99908105  0.00199702]
 [ 0.0097879  -0.00157932  0.99995085]]
id: 21 , delta_t [[ 0.39718836]
 [-0.61341687]
 [ 0.68261347]]
id: 21 , delta_R [[ 0.9997451   0.00984188 -0.02031927]
 [-0.00954369  0.99984611  0.01472005]
 [ 0.02046101 -0.01452238  0.99968517]]
id: 21 , current state: States.Forward_correct_lane
id: 22 , cur_t [[  0.42382227]
 [-10.08623381]
 [ 19.34195753]]
id: 22 , cur_R [[ 0.99884362  0.04698542 -0.01018808]
 [-0.04696657  0.99889429  0.00208201]
 [ 0.01027464 -0.0016011   0.99994593]]
id: 22 , delta_t [[ 0.00188603]
 [-0.44489837]
 [ 0.89557908]]
id: 22 , delta_R [[ 9.99991241e-01  4.15712957e-03 -4.85199662e-04]
 [-4.15710840e-03  9.99991358e-01  4.46310486e-05]
 [ 4.85381006e-04 -4.26136301e-05  9.99999881e-01]]
id: 22 , current state: States.Forward_correct_lane
id: 23 , cur_t [[  0.30503894]
 [-10.4715654 ]
 [ 20.25705867]]
id: 23 , cur_R [[ 0.99867718  0.05056224 -0.00934627]
 [-0.05053979  0.99871861  0.00262239]
 [ 0.00946689 -0.00214657  0.99995288]]
id: 23 , delta_t [[-0.09114594]
 [-0.39195178]
 [ 0.91545957]]
id: 23 , delta_R [[ 9.99993235e-01  3.58243396e-03  8.34327282e-04]
 [-3.58285518e-03  9.99993455e-01  5.03925042e-04]
 [-8.32516543e-04 -5.06910907e-04  9.99999525e-01]]
id: 23 , current state: States.Forward_correct_lane
id: 24 , cur_t [[  0.29836814]
 [-10.92901926]
 [ 21.14626701]]
id: 24 , cur_R [[ 0.99872527  0.04950331 -0.00986169]
 [-0.04948111  0.99877198  0.00248192]
 [ 0.00997244 -0.00199079  0.99994829]]
id: 24 , delta_t [[ 0.02487569]
 [-0.45911371]
 [ 0.88802917]]
id: 24 , delta_R [[ 9.99999305e-01 -1.06135748e-03 -5.12661456e-04]
 [ 1.06129068e-03  9.99999428e-01 -1.30556193e-04]
 [ 5.12799729e-04  1.30012019e-04  9.99999860e-01]]
id: 24 , current state: States.Forward_correct_lane
id: 25 , cur_t [[  0.15552036]
 [-11.2832166 ]
 [ 22.07046328]]
id: 25 , cur_R [[ 0.99879029  0.04824226 -0.00952058]
 [-0.04822295  0.99883407  0.00224749]
 [ 0.0096179  -0.00178566  0.99995215]]
id: 25 , delta_t [[-0.11592312]
 [-0.3626737 ]
 [ 0.92467812]]
id: 25 , delta_R [[ 9.99999145e-01 -1.26186417e-03  3.44246646e-04]
 [ 1.26194064e-03  9.99999179e-01 -2.22001573e-04]
 [-3.43966227e-04  2.22435802e-04  9.99999916e-01]]
id: 25 , current state: States.Forward_correct_lane
id: 26 , cur_t [[  0.03536465]
 [-11.65868971]
 [ 22.98947501]]
id: 26 , cur_R [[ 0.99865992  0.05047726 -0.01141932]
 [-0.05045479  0.99872382  0.00224681]
 [ 0.01151816 -0.00166764  0.99993227]]
id: 26 , delta_t [[-0.09306497]
 [-0.38247295]
 [ 0.91926783]]
id: 26 , delta_R [[ 9.99995691e-01  2.23440679e-03 -1.90389040e-03]
 [-2.23445263e-03  9.99997503e-01 -2.19484627e-05]
 [ 1.90383660e-03  2.62025210e-05  9.99998187e-01]]
id: 26 , current state: States.Forward_correct_lane
id: 27 , cur_t [[ -0.03989954]
 [-12.0712617 ]
 [ 23.89728537]]
id: 27 , cur_R [[ 0.99835506  0.05589423 -0.01276767]
 [-0.055874    0.99843595  0.00193604]
 [ 0.01285591 -0.00121947  0.99991662]]
id: 27 , delta_t [[-0.0438908 ]
 [-0.4173585 ]
 [ 0.90768137]]
id: 27 , delta_R [[ 9.99984373e-01  5.42241745e-03 -1.36080715e-03]
 [-5.42292924e-03  9.99985226e-01 -3.72684064e-04]
 [ 1.35876619e-03  3.80057801e-04  9.99999005e-01]]
id: 27 , current state: States.Forward_correct_lane
id: 28 , cur_t [[ -0.05654776]
 [-12.52272921]
 [ 24.7894176 ]]
id: 28 , cur_R [[ 0.9986993   0.04946554 -0.0123639 ]
 [-0.04943917  0.99877418  0.00243008]
 [ 0.01246895 -0.00181566  0.99992061]]
id: 28 , delta_t [[ 0.02007364]
 [-0.45277986]
 [ 0.89139635]]
id: 28 , delta_R [[ 9.99979195e-01 -6.43708984e-03  4.16006190e-04]
 [ 6.43684959e-03  9.99979117e-01  5.76311610e-04]
 [-4.19707272e-04 -5.73621851e-04  9.99999747e-01]]
id: 28 , current state: States.Forward_correct_lane
id: 29 , cur_t [[ -0.06026739]
 [-12.98340446]
 [ 25.67697858]]
id: 29 , cur_R [[ 9.98549935e-01  5.25252632e-02 -1.17950835e-02]
 [-5.25126493e-02  9.98619310e-01  1.37680201e-03]
 [ 1.18511150e-02 -7.55414473e-04  9.99929488e-01]]
id: 29 , delta_t [[ 0.03012756]
 [-0.46190604]
 [ 0.88641702]]
id: 29 , delta_R [[ 9.99995146e-01  3.06473691e-03  5.61349280e-04]
 [-3.06412300e-03  9.99994710e-01 -1.09123571e-03]
 [-5.64690661e-04  1.08951037e-03  9.99999247e-01]]
id: 29 , current state: States.Forward_correct_lane
id: 30 , cur_t [[ -0.09292341]
 [-13.42460171]
 [ 26.57379437]]
id: 30 , cur_R [[ 9.98581548e-01  5.22571097e-02 -1.02022351e-02]
 [-5.22501450e-02  9.98633578e-01  9.48197140e-04]
 [ 1.02378446e-02 -4.13783904e-04  9.99947506e-01]]
id: 30 , delta_t [[ 0.00118804]
 [-0.44298083]
 [ 0.8965303 ]]
id: 30 , delta_R [[ 9.99998695e-01 -2.67250319e-04  1.59331327e-03]
 [ 2.67928549e-04  9.99999874e-01 -4.25474456e-04]
 [-1.59319936e-03  4.25900795e-04  9.99998640e-01]]
id: 30 , current state: States.Forward_correct_lane
id: 31 , cur_t [[ -0.11410849]
 [-13.87563159]
 [ 27.46605175]]
id: 31 , cur_R [[ 9.98614605e-01  5.14355441e-02 -1.11020247e-02]
 [-5.14281629e-02  9.98676245e-01  9.49506008e-04]
 [ 1.11361667e-02 -3.77233831e-04  9.99937920e-01]]
id: 31 , delta_t [[ 0.01154614]
 [-0.45188985]
 [ 0.89199902]]
id: 31 , delta_R [[ 9.99999257e-01 -8.23023366e-04 -8.99063977e-04]
 [ 8.23032425e-04  9.99999661e-01  9.70646925e-06]
 [ 8.99055684e-04 -1.04464208e-05  9.99999596e-01]]
id: 31 , current state: States.Forward_correct_lane
id: 32 , cur_t [[ -0.1618898 ]
 [-14.31500111]
 [ 28.36308652]]
id: 32 , cur_R [[ 9.98769645e-01  4.89026933e-02 -8.22934127e-03]
 [-4.89098137e-02  9.98802977e-01 -6.66109772e-04]
 [ 8.18691600e-03  1.06778577e-03  9.99965917e-01]]
id: 32 , delta_t [[-0.01512962]
 [-0.44158395]
 [ 0.89709237]]
id: 32 , delta_R [[ 0.99999265 -0.00253474  0.00287519]
 [ 0.00253932  0.99999552 -0.00158752]
 [-0.00287115  0.00159481  0.99999461]]
id: 32 , current state: States.Forward_correct_lane
id: 33 , cur_t [[ -0.17105202]
 [-14.77431723]
 [ 29.25131214]]
id: 33 , cur_R [[ 0.99863506  0.05147976 -0.00882283]
 [-0.05149195  0.99867274 -0.00115958]
 [ 0.00875143  0.00161231  0.99996041]]
id: 33 , delta_t [[ 0.02058595]
 [-0.45826594]
 [ 0.8885767 ]]
id: 33 , delta_R [[ 9.99996494e-01  2.58095899e-03 -5.91823074e-04]
 [-2.58126373e-03  9.99996536e-01 -5.14735986e-04]
 [ 5.90492512e-04  5.16261833e-04  9.99999692e-01]]
id: 33 , current state: States.Forward_correct_lane
id: 34 , cur_t [[ -0.17226073]
 [-15.23880819]
 [ 30.13688918]]
id: 34 , cur_R [[ 0.99865678  0.05102337 -0.00901433]
 [-0.05103624  0.99869608 -0.00120354]
 [ 0.00894116  0.00166198  0.99995865]]
id: 34 , delta_t [[ 0.03046055]
 [-0.46250886]
 [ 0.88609125]]
id: 34 , delta_R [[ 9.99999877e-01 -4.56684092e-04 -1.92028964e-04]
 [ 4.56676433e-04  9.99999895e-01 -3.99257630e-05]
 [ 1.92047177e-04  3.98380630e-05  9.99999981e-01]]time=1640116985.7852995 Pos: [1.7325  0.      0.43875] angle 0
time=1640116985.9271345 Pos: [1.7725  0.      0.43875] angle 0
time=1640116986.0533264 Pos: [1.8125  0.      0.43875] angle 0
time=1640116986.1653557 Pos: [1.8525  0.      0.43875] angle 0
time=1640116986.2724586 Pos: [1.8925  0.      0.43875] angle 0
time=1640116986.3952072 Pos: [1.9325  0.      0.43875] angle 0
time=1640116986.510959 Pos: [1.9725  0.      0.43875] angle 0
time=1640116986.6319356 Pos: [2.0125  0.      0.43875] angle 0
time=1640116986.7480166 Pos: [2.0525  0.      0.43875] angle 0
time=1640116986.869451 Pos: [2.0925  0.      0.43875] angle 0
time=1640116986.991278 Pos: [2.1325  0.      0.43875] angle 0
time=1640116987.1067972 Pos: [2.1725  0.      0.43875] angle 0
time=1640116987.2315958 Pos: [2.2125  0.      0.43875] angle 0
time=1640116987.3506148 Pos: [2.2525  0.      0.43875] angle 0
time=1640116987.4847443 Pos: [2.2925  0.      0.43875] angle 0
time=1640116987.6305637 Pos: [2.3325  0.      0.43875] angle 0
time=1640116987.7473423 Pos: [2.3725  0.      0.43875] angle 0
time=1640116987.8656547 Pos: [2.4125  0.      0.43875] angle 0

id: 34 , current state: States.Forward_correct_lane
id: 35 , cur_t [[ -0.177605  ]
 [-15.70588304]
 [ 31.02109081]]
id: 35 , cur_R [[ 9.98572098e-01  5.27984794e-02 -8.12934821e-03]
 [-5.28065874e-02  9.98604450e-01 -7.85836750e-04]
 [ 8.07651231e-03  1.21399779e-03  9.99966648e-01]]
id: 35 , delta_t [[ 0.02640644]
 [-0.46526898]
 [ 0.88477538]]
id: 35 , delta_R [[ 9.99998029e-01  1.77605580e-03  8.87133497e-04]
 [-1.77641272e-03  9.99998341e-01  4.01701752e-04]
 [-8.86418581e-04 -4.03276875e-04  9.99999526e-01]]
id: 35 , current state: States.Forward_correct_lane
id: 36 , cur_t [[ -0.23775025]
 [-16.13405032]
 [ 31.92278662]]
id: 36 , cur_R [[ 0.99829178  0.05808695 -0.0062797 ]
 [-0.05811117  0.99830309 -0.00374568]
 [ 0.00605147  0.0041042   0.99997327]]
id: 36 , delta_t [[-0.03016676]
 [-0.42965067]
 [ 0.90249115]]
id: 36 , delta_R [[ 0.99998427  0.00529444  0.00185374]
 [-0.00528885  0.9999815  -0.00300295]
 [-0.0018696   0.0029931   0.99999377]]
id: 36 , current state: States.Forward_correct_lane
id: 37 , cur_t [[ -0.23956339]
 [-16.59803265]
 [ 32.80862921]]
id: 37 , cur_R [[ 0.99839472  0.0562234  -0.00684963]
 [-0.0562433   0.99841331 -0.00274767]
 [ 0.00668428  0.00312851  0.99997277]]
id: 37 , delta_t [[ 0.03051317]
 [-0.45966464]
 [ 0.88756823]]
id: 37 , delta_R [[ 9.99998096e-01 -1.86422786e-03 -5.76939678e-04]
 [ 1.86480978e-03  9.99997751e-01  1.00973752e-03]
 [ 5.75056000e-04 -1.01081148e-03  9.99999324e-01]]
id: 37 , current state: States.Forward_correct_lane
id: 38 , cur_t [[ -0.20418595]
 [-17.08462496]
 [ 33.68154179]]
id: 38 , cur_R [[ 0.9983755   0.05658905 -0.00663653]
 [-0.05660533  0.99839401 -0.00229021]
 [ 0.00649628  0.00266215  0.99997536]]
id: 38 , delta_t [[ 0.06852299]
 [-0.48110028]
 [ 0.87398348]]
id: 38 , delta_R [[ 9.99999910e-01  3.65565931e-04  2.14108882e-04]
 [-3.65663315e-04  9.99999830e-01  4.54973720e-04]
 [-2.13942522e-04 -4.55051971e-04  9.99999874e-01]]
id: 38 , current state: States.Forward_correct_lane
id: 39 , cur_t [[ -0.2023583 ]
 [-17.53852796]
 [ 34.57259102]]
id: 39 , cur_R [[ 0.99845487  0.05509632 -0.00722986]
 [-0.05511441  0.99847733 -0.00232745]
 [ 0.00709061  0.00272233  0.99997116]]
id: 39 , delta_t [[ 0.03330651]
 [-0.45069851]
 [ 0.89205467]]
id: 39 , delta_R [[ 9.99998707e-01 -1.49347070e-03 -5.96764620e-04]
 [ 1.49345465e-03  9.99998884e-01 -2.73396485e-05]
 [ 5.96804785e-04  2.64483723e-05  9.99999822e-01]]
id: 39 , current state: States.Forward_correct_lane
id: 40 , cur_t [[ -0.25178983]
 [-17.97092805]
 [ 35.47291689]]
id: 40 , cur_R [[ 0.99821222  0.05950734 -0.00558938]
 [-0.05953107  0.99821771 -0.0041785 ]
 [ 0.00533077  0.00450377  0.99997565]]
id: 40 , delta_t [[-0.01913981]
 [-0.4320142 ]
 [ 0.90166368]]
id: 40 , delta_R [[ 0.9999889   0.00441386  0.00165071]
 [-0.00441075  0.9999885  -0.00188302]
 [-0.001659    0.00187572  0.99999686]]
id: 40 , current state: States.Forward_correct_lane
id: 41 , cur_t [[ -0.26774717]
 [-18.43313607]
 [ 36.35954484]]
id: 41 , cur_R [[ 0.99798012  0.06338821 -0.00419699]
 [-0.0634073   0.99797721 -0.00458333]
 [ 0.00389797  0.00484019  0.99998069]]
id: 41 , delta_t [[ 0.01631334]
 [-0.45834063]
 [ 0.88862688]]
id: 41 , delta_R [[ 9.99991473e-01  3.88194789e-03  1.40859866e-03]
 [-3.88135054e-03  9.99992377e-01 -4.26563247e-04]
 [-1.41024382e-03  4.21092345e-04  9.99998917e-01]]
id: 41 , current state: States.Forward_correct_lane
id: 42 , cur_t [[ -0.26905241]
 [-18.90123251]
 [ 37.24322126]]
id: 42 , cur_R [[ 0.99811186  0.06122967 -0.00486138]
 [-0.06126028  0.99810119 -0.00641882]
 [ 0.00445913  0.00670451  0.99996758]]
id: 42 , delta_t [[ 0.03182268]
 [-0.46295516]
 [ 0.88581027]]
id: 42 , delta_R [[ 9.99997441e-01 -2.15947918e-03 -6.74310052e-04]
 [ 2.15824445e-03  9.99996003e-01 -1.82649038e-03]
 [ 6.78251624e-04  1.82503038e-03  9.99998105e-01]]
id: 42 , current state: States.Forward_correct_lane
id: 43 , cur_t [[ -0.34796543]
 [-19.31201887]
 [ 38.15153139]]
id: 43 , cur_R [[ 9.98109797e-01  6.14528920e-02  6.12655468e-04]
 [-6.14431190e-02  9.98055555e-01 -1.04810378e-02]
 [-1.25555428e-03  1.04235831e-02  9.99944885e-01]]
id: 43 , delta_t [[-0.04954887]
 [-0.4087484 ]
 [ 0.91130108]]
id: 43 , delta_R [[ 9.99984993e-01  1.87784394e-04  5.47534695e-03]
 [-1.65537870e-04  9.99991731e-01 -4.06320459e-03]
 [-5.47606469e-03  4.06223723e-03  9.99976755e-01]]
id: 43 , current state: States.Forward_correct_lane
id: 44 , cur_t [[ -0.33551232]
 [-19.79264741]
 [ 39.02836725]]
id: 44 , cur_R [[ 0.99784125  0.06566024  0.00125333]
 [-0.06564259  0.99778271 -0.01098738]
 [-0.00197199  0.01088139  0.99993885]]
id: 44 , delta_t [[ 0.04085997]
 [-0.46978894]
 [ 0.88183265]]
id: 44 , delta_R [[ 9.99990908e-01  4.20895201e-03  6.84834971e-04]
 [-4.20860739e-03  9.99991017e-01 -5.03883915e-04]
 [-6.86949642e-04  5.00997132e-04  9.99999639e-01]]
id: 44 , current state: States.Forward_correct_lane
id: 45 , cur_t [[ -0.4696387 ]
 [-20.1782877 ]
 [ 39.94121537]]
id: 45 , cur_R [[ 0.99801398  0.06259871  0.0070358 ]
 [-0.06249582  0.99794704 -0.013999  ]
 [-0.00789767  0.01353149  0.99987726]]
id: 45 , delta_t [[-0.11032253]
 [-0.38365892]
 [ 0.91686137]]
id: 45 , delta_R [[ 0.99997858 -0.00312961  0.00574846]
 [ 0.00314699  0.9999905  -0.00301586]
 [-0.00573897  0.00303388  0.99997893]]
id: 45 , current state: States.Forward_correct_lane
id: 46 , cur_t [[ -0.50176709]
 [-20.6281739 ]
 [ 40.83372317]]
id: 46 , cur_R [[ 0.99800329  0.06276069  0.0071089 ]
 [-0.06265691  0.99793714 -0.01398475]
 [-0.00797193  0.0135114   0.99987694]]
id: 46 , delta_t [[-0.01099731]
 [-0.43889684]
 [ 0.89847016]]
id: 46 , delta_R [[ 9.99999984e-01  1.61290945e-04  7.53671705e-05]
 [-1.61292105e-04  9.99999987e-01  1.53915425e-05]
 [-7.53646870e-05 -1.54036984e-05  9.99999997e-01]]
id: 46 , current state: States.Forward_correct_lane
id: 47 , cur_t [[ -0.54951695]
 [-21.06825101]
 [ 41.73041269]]
id: 47 , cur_R [[ 0.99850195  0.05382238  0.00984901]
 [-0.05368654  0.9984656  -0.0135723 ]
 [-0.0105644   0.01302321  0.99985938]]
id: 47 , delta_t [[-0.02722899]
 [-0.43005057]
 [ 0.90239409]]
id: 47 , delta_R [[ 9.99956175e-01 -8.98943575e-03  2.61503327e-03]
 [ 8.98855588e-03  9.99959542e-01  3.48025956e-04]
 [-2.61805603e-03 -3.24505331e-04  9.99996520e-01]]
id: 47 , current state: States.Forward_correct_lane
id: 48 , cur_t [[ -0.38236747]
 [-21.63000123]
 [ 42.54065817]]
id: 48 , cur_R [[ 0.99862336  0.05182413  0.00810253]
 [-0.05172719  0.99859214 -0.01174852]
 [-0.00869998  0.01131323  0.99989816]]
id: 48 , delta_t [[ 0.18849776]
 [-0.54133989]
 [ 0.81940205]]
id: 48 , delta_R [[ 0.99999647 -0.001978   -0.00177355]
 [ 0.0019812   0.99999641  0.00180447]
 [ 0.00176997 -0.00180798  0.9999968 ]]
id: 48 , current state: States.Forward_correct_lane
id: 49 , cur_t [[ -0.70270255]
 [-21.83869214]
 [ 43.4646893 ]]
id: 49 , cur_R [[ 0.99864852  0.04554314  0.02503903]
 [-0.04492982  0.99868882 -0.02453474]
 [-0.02612358  0.02337659  0.99938536]]
id: 49 , delta_t [[-0.31713816]
 [-0.21454442]
 [ 0.92379331]]
id: 49 , delta_R [[ 0.99983685 -0.00647243  0.0168635 ]
 [ 0.00668942  0.99989515 -0.01284296]
 [-0.0167786   0.01295368  0.99977532]]
id: 49 , current state: States.Forward_correct_lane
id: 50 , cur_t [[ -0.71535444]
 [-22.29028017]
 [ 44.35682617]]
id: 50 , cur_R [[ 0.99865725  0.04378452  0.02768764]
 [-0.0430651   0.99873215 -0.02606704]
 [-0.02879387  0.02483967  0.99927669]]
id: 50 , delta_t [[-0.01565084]
 [-0.43071701]
 [ 0.90235132]]
id: 50 , delta_R [[ 0.99999495 -0.00182169  0.00260565]
 [ 0.0018258   0.99999709 -0.00157906]
 [-0.00260277  0.00158381  0.99999536]]
id: 50 , current state: States.Forward_correct_lane
id: 51 , cur_t [[ -0.71387225]
 [-22.74819251]
 [ 45.24582228]]
id: 51 , cur_R [[ 0.99851499  0.04528671  0.03028084]
 [-0.04441983  0.99860024 -0.02871309]
 [-0.03153877  0.02732538  0.99912894]]
id: 51 , delta_t [[-0.0043974 ]
 [-0.43518451]
 [ 0.90033055]]
id: 51 , delta_R [[ 0.9999955   0.00143881  0.00263273]
 [-0.00143195  0.99999557 -0.0026084 ]
 [-0.00263647  0.00260462  0.99999313]]
id: 51 , current state: States.Forward_correct_lane
id: 52 , cur_t [[ -0.64295174]
 [-23.25569466]
 [ 46.10454915]]
id: 52 , cur_R [[ 0.99819017  0.05180231  0.03054334]
 [-0.05084975  0.99821946 -0.03118043]
 [-0.03210417  0.02957088  0.99904699]]time=1640116987.996081 Pos: [2.4525  0.      0.43875] angle 0
time=1640116988.112395 Pos: [2.4925  0.      0.43875] angle 0
time=1640116988.2250884 Pos: [2.5325  0.      0.43875] angle 0
time=1640116988.3560414 Pos: [2.5325  0.      0.43875] angle 0.046587467971115765
time=1640116988.4805715 Pos: [2.5325  0.      0.43875] angle 0.09317493594223153
time=1640116988.5915363 Pos: [2.5325  0.      0.43875] angle 0.1397624039133473
time=1640116988.7090964 Pos: [2.5325  0.      0.43875] angle 0.18634987188446306
time=1640116988.826984 Pos: [2.5325  0.      0.43875] angle 0.23293733985557882
time=1640116988.938918 Pos: [2.5325  0.      0.43875] angle 0.2795248078266946
time=1640116989.0584924 Pos: [2.57094747 0.         0.42771404] angle 0.2795248078266946
time=1640116989.2564 Pos: [2.60939493 0.         0.41667809] angle 0.2795248078266946
time=1640116989.4811559 Pos: [2.6478424  0.         0.40564213] angle 0.2795248078266946
time=1640116989.6989415 Pos: [2.68628986 0.         0.39460617] angle 0.2795248078266946
time=1640116989.9007473 Pos: [2.72473733 0.         0.38357021] angle 0.2795248078266946
time=1640116990.0905175 Pos: [2.7631848  0.         0.37253426] angle 0.2795248078266946
time=1640116990.2751997 Pos: [2.80163226 0.         0.3614983 ] angle 0.2795248078266946
time=1640116990.504255 Pos: [2.84007973 0.         0.35046234] angle 0.2795248078266946
time=1640116990.7406695 Pos: [2.87852719 0.         0.33942638] angle 0.2795248078266946

id: 52 , delta_t [[ 0.06627517]
 [-0.48011497]
 [ 0.87469836]]
id: 52 , delta_R [[ 9.99978686e-01  6.51337546e-03  4.50555709e-04]
 [-6.51233530e-03  9.99976212e-01 -2.27280692e-03]
 [-4.65348636e-04  2.26982430e-03  9.99997316e-01]]
id: 52 , current state: States.Forward_correct_lane
id: 53 , cur_t [[ -0.64741803]
 [-23.7267832 ]
 [ 46.98662377]]
id: 53 , cur_R [[ 0.99787172  0.05695993  0.03174252]
 [-0.05591282  0.9978917  -0.03295313]
 [-0.03355261  0.03110819  0.9989527 ]]
id: 53 , delta_t [[-0.00882175]
 [-0.44439739]
 [ 0.89578632]]
id: 53 , delta_R [[ 0.99998593  0.00512723  0.00136078]
 [-0.00512503  0.99998556 -0.00161816]
 [-0.00136906  0.00161116  0.99999776]]
id: 53 , current state: States.Forward_correct_lane
id: 54 , cur_t [[ -0.62626928]
 [-24.2060941 ]
 [ 47.86401411]]
id: 54 , cur_R [[ 0.99806957  0.05281925  0.03266901]
 [-0.05178219  0.99815148 -0.03181556]
 [-0.03428909  0.03006246  0.99895971]]
id: 54 , delta_t [[ 0.01846463]
 [-0.44980171]
 [ 0.89293756]]
id: 54 , delta_R [[ 9.99990979e-01 -4.17353757e-03  7.90069690e-04]
 [ 4.17274205e-03  9.99990788e-01  1.00587466e-03]
 [-7.94260468e-04 -1.00256883e-03  9.99999182e-01]]
id: 54 , current state: States.Forward_correct_lane
id: 55 , cur_t [[ -0.36926985]
 [-24.81537968]
 [ 48.61416234]]
id: 55 , cur_R [[ 0.99789825  0.06179068  0.01951902]
 [-0.06127942  0.99778748 -0.02578718]
 [-0.02106924  0.02453687  0.99947688]]
id: 55 , delta_t [[ 0.26233155]
 [-0.57203349]
 [ 0.77714854]]
id: 55 , delta_R [[ 0.99987328  0.00938209 -0.01286074]
 [-0.00930118  0.99993666  0.00633681]
 [ 0.01291937 -0.00621638  0.99989722]]
id: 55 , current state: States.Forward_correct_lane
id: 56 , cur_t [[ -0.45607363]
 [-25.2223259 ]
 [ 49.5234807 ]]
id: 56 , cur_R [[ 0.99362823  0.08394282 -0.07521004]
 [-0.08579943  0.99607393 -0.02179877]
 [ 0.07308491  0.02811285  0.99692942]]
id: 56 , delta_t [[-0.08084256]
 [-0.38909768]
 [ 0.91764235]]
id: 56 , delta_R [[ 0.99525873  0.02480758 -0.09404599]
 [-0.02449651  0.99968996  0.0044609 ]
 [ 0.0941275  -0.00213595  0.99555786]]
id: 56 , current state: States.Change_lane_to_oncoming
id: 57 , cur_t [[ -0.26667345]
 [-24.87344285]
 [ 48.60565273]]
id: 57 , cur_R [[ 0.98029653  0.10325701 -0.16839449]
 [-0.1079133   0.99398417 -0.01871315]
 [ 0.16544919  0.03651644  0.98554204]]
id: 57 , delta_t [[ 0.09118002]
 [ 0.33760933]
 [-0.93685973]]
id: 57 , delta_R [[ 9.95382943e-01  2.24135284e-02 -9.33296833e-02]
 [-2.23804496e-02  9.99748544e-01  1.40121142e-03]
 [ 9.33376211e-02  6.94018325e-04  9.95634274e-01]]
id: 57 , current state: States.Change_lane_to_oncoming
id: 58 , cur_t [[  0.53320536]
 [-25.23141513]
 [ 48.12393732]]
id: 58 , cur_R [[ 0.95418578  0.12096326 -0.27367388]
 [-0.12776232  0.99177948 -0.00708913]
 [ 0.27056662  0.04172956  0.96179642]]
id: 58 , delta_t [[ 0.74304897]
 [-0.29081621]
 [-0.60274718]]
id: 58 , delta_R [[ 0.99396048  0.02238754 -0.10743071]
 [-0.02164301  0.99973302  0.00809145]
 [ 0.10758317 -0.00571745  0.99417965]]
id: 58 , current state: States.Change_lane_to_oncoming
id: 59 , cur_t [[  0.4922259 ]
 [-24.70664943]
 [ 47.27367757]]
id: 59 , cur_R [[ 0.92517869  0.1252345  -0.35827463]
 [-0.13842717  0.99030813 -0.01130174]
 [ 0.35338691  0.06005107  0.93354784]]
id: 59 , delta_t [[-0.33619921]
 [ 0.48001387]
 [-0.81028191]]
id: 59 , delta_R [[ 0.99599153  0.00854188 -0.0890388 ]
 [-0.00920134  0.99993318 -0.00699862]
 [ 0.08897307  0.00778985  0.99600357]]
id: 59 , current state: States.Change_lane_to_oncoming
id: 60 , cur_t [[  0.28715022]
 [-24.09457746]
 [ 46.50992901]]
id: 60 , cur_R [[ 0.89231551  0.12756344 -0.43301339]
 [-0.15155393  0.98822196 -0.02118394]
 [ 0.42521104  0.08452764  0.90113853]]
id: 60 , delta_t [[-0.54435779]
 [ 0.53459338]
 [-0.64643988]]
id: 60 , delta_R [[ 0.99666435  0.00770021 -0.08124577]
 [-0.00886532  0.99986284 -0.01398961]
 [ 0.08112691  0.01466322  0.99659591]]
id: 60 , current state: States.Change_lane_to_oncoming
id: 61 , cur_t [[  1.03578952]
 [-24.37585928]
 [ 45.90957934]]
id: 61 , cur_R [[ 0.84415457  0.12324913 -0.52174008]
 [-0.15757831  0.98726725 -0.02173614]
 [ 0.51241793  0.10056358  0.85282755]]
id: 61 , delta_t [[ 0.45537652]
 [-0.233216  ]
 [-0.85921041]]
id: 61 , delta_R [[ 0.99489474  0.00491506 -0.10079828]
 [-0.00525832  0.99998125 -0.00313994]
 [ 0.10078096  0.00365394  0.99490193]]
id: 61 , current state: States.Change_lane_to_oncoming
id: 62 , cur_t [[  0.93459446]
 [-24.82760202]
 [ 46.7959698 ]]
id: 62 , cur_R [[ 0.83878346  0.08778492 -0.5373417 ]
 [-0.14158242  0.988132   -0.0595783 ]
 [ 0.52573446  0.12605143  0.84125758]]
id: 62 , delta_t [[ 0.43996295]
 [-0.36932442]
 [ 0.81855487]]
id: 62 , delta_R [[ 0.99923502 -0.03382717 -0.01962415]
 [ 0.03335335  0.99915568 -0.02398929]
 [ 0.02041907  0.0233164   0.99951959]]
id: 62 , current state: States.Change_lane_to_oncoming
id: 63 , cur_t [[  1.41345425]
 [-25.52506343]
 [ 47.32911226]]
id: 63 , cur_R [[ 0.76885081  0.03809698 -0.6382923 ]
 [-0.07942909  0.99618236 -0.03621786]
 [ 0.63447573  0.07854511  0.76894162]]
id: 63 , delta_t [[ 0.78069931]
 [-0.5799439 ]
 [ 0.23275237]]
id: 63 , delta_R [[ 0.99122475 -0.03318254 -0.12795469]
 [ 0.04028735  0.99776322  0.05334305]
 [ 0.12589843 -0.05802991  0.99034444]]
id: 63 , current state: States.Change_lane_to_oncoming
id: 64 , cur_t [[  1.67143017]
 [-26.16705648]
 [ 48.05111874]]
id: 64 , cur_R [[ 0.71718328 -0.02101751 -0.69656759]
 [-0.02855466  0.9978194  -0.05950694]
 [ 0.69629934  0.06256764  0.71501924]]
id: 64 , delta_t [[ 0.70743351]
 [-0.57300397]
 [ 0.41376839]]
id: 64 , delta_R [[ 0.99521997 -0.05267431 -0.08223525]
 [ 0.05404246  0.99843337  0.01449923]
 [ 0.08134268 -0.01887412  0.99650747]]
id: 64 , current state: States.Change_lane_to_oncoming
id: 65 , cur_t [[  0.82324408]
 [-25.94131031]
 [ 48.53030452]]
id: 65 , cur_R [[ 0.7470226  -0.05850252 -0.66221952]
 [-0.05797758  0.98659203 -0.1525607 ]
 [ 0.66226569  0.15236017  0.73361471]]
id: 65 , delta_t [[-0.28109424]
 [ 0.2730622 ]
 [ 0.92001254]]
id: 65 , delta_R [[ 0.99826235 -0.04029926  0.04299128]
 [ 0.04395258  0.99517462 -0.08772485]
 [-0.03924859  0.089462    0.99521661]]
id: 65 , current state: States.Change_lane_to_oncoming
id: 66 , cur_t [[  0.74205548]
 [-26.50700959]
 [ 49.35090962]]
id: 66 , cur_R [[ 0.70102624 -0.13018127 -0.70115266]
 [-0.00420021  0.98242622 -0.18660409]
 [ 0.71312311  0.13375935  0.68815977]]
id: 66 , delta_t [[ 0.51560675]
 [-0.42833714]
 [ 0.74207613]]
id: 66 , delta_R [[ 0.99561535 -0.06211127 -0.06994472]
 [ 0.06296081  0.99796584  0.01000547]
 [ 0.06918099 -0.01436538  0.99750069]]
id: 66 , current state: States.Change_lane_to_oncoming
id: 67 , cur_t [[  0.56437145]
 [-27.02262959]
 [ 50.18910078]]
id: 67 , cur_R [[ 0.6730472  -0.19794007 -0.71261995]
 [ 0.01568808  0.9671254  -0.25381559]
 [ 0.73943313  0.15965023  0.65402634]]
id: 67 , delta_t [[ 0.47533803]
 [-0.37131156]
 [ 0.79760985]]
id: 67 , delta_R [[ 0.99724721 -0.06431066 -0.03690721]
 [ 0.06305962  0.99742648 -0.03411608]
 [ 0.03900625  0.03169481  0.99873618]]
id: 67 , current state: States.Change_lane_to_oncoming
id: 68 , cur_t [[ -0.20056555]
 [-26.99832233]
 [ 50.83274706]]
id: 68 , cur_R [[ 0.68011313 -0.24273498 -0.69175563]
 [-0.0208953   0.93679237 -0.34926127]
 [ 0.73280933  0.25199161  0.63205278]]
id: 68 , delta_t [[-0.03852398]
 [ 0.27767814]
 [ 0.95990143]]
id: 68 , delta_R [[ 0.99875408 -0.04850713  0.01171909]
 [ 0.04939827  0.99431584 -0.09431762]
 [-0.00707739  0.09477901  0.99547318]]
id: 68 , current state: States.Change_lane_to_oncoming
id: 69 , cur_t [[ -1.0398579 ]
 [-26.72624388]
 [ 51.30345043]]
id: 69 , cur_R [[ 0.73750964 -0.22866332 -0.63544679]
 [-0.15014182  0.86186817 -0.48439725]
 [ 0.65843524  0.45265478  0.60130416]]
id: 69 , delta_t [[-0.23156309]
 [ 0.57721993]
 [ 0.78306812]]
id: 69 , delta_R [[ 0.99666847 -0.00768359  0.0811968 ]
 [ 0.02376554  0.97970998 -0.1990064 ]
 [-0.07802023  0.20027309  0.97662866]]
id: 69 , current state: States.Change_lane_to_oncoming
id: 70 , cur_t [[ -1.81270168]
 [-26.39781872]
 [ 51.84645082]]
