
time=1639771638.1441698 gym-duckietown 2019.0.0

time=1639771638.486166 Registering gym environment id: Duckietown-4way-v0
time=1639771638.4863143 Registering gym environment id: Duckietown-loop_dyn_duckiebots-v0
time=1639771638.4864187 Registering gym environment id: Duckietown-loop_empty-v0
time=1639771638.4865062 Registering gym environment id: Duckietown-loop_obstacles-v0
time=1639771638.486622 Registering gym environment id: Duckietown-loop_pedestrians-v0
time=1639771638.4867387 Registering gym environment id: Duckietown-small_loop-v0
time=1639771638.4868312 Registering gym environment id: Duckietown-small_loop_cw-v0
time=1639771638.48692 Registering gym environment id: Duckietown-straight_road-v0
time=1639771638.4870212 Registering gym environment id: Duckietown-straight_road_10_tiles_no_start_tile-v0
time=1639771638.4870996 Registering gym environment id: Duckietown-straight_road_no_start_tile-v0
time=1639771638.4871922 Registering gym environment id: Duckietown-straight_road_trafficlight-v0
time=1639771638.4873195 Registering gym environment id: Duckietown-straight_road_with_side_floor-v0
time=1639771638.4874136 Registering gym environment id: Duckietown-udem1-v0
time=1639771638.4875019 Registering gym environment id: Duckietown-zigzag_dists-v0
time=1639771640.2975178 Falling back to non-multisampled frame buffer
time=1639771640.30161 Falling back to non-multisampled frame buffer
time=1639771640.3056905 loading map file "/home/appuser/aido-auto/gym-duckietown/gym_duckietown/maps/straight_road.yaml"
time=1639771640.3123026 loading mesh "duckiebot.obj"
time=1639771640.3125968 loading materials from "/home/appuser/aido-auto/gym-duckietown/gym_duckietown/meshes/duckiebot.mtl"
time=1639771640.7220385 loading texture "straight_1.png"
time=1639771640.7391307 road_tile_size=0.585
time=1639771640.739595 Starting at [0.2925  0.      0.43875] 0
time=1639771640.7399817 Pos: [0.2925  0.      0.43875] angle 0
time=1639771640.899342 using DuckietownEnv
/usr/local/lib/python3.6/dist-packages/gym/spaces/box.py:74: UserWarning: [33mWARN: Box bound precision lowered by casting to float32[0m
  "Box bound precision lowered by casting to {}".format(self.dtype)
time=1639771640.9005978 loading mesh "duckie.obj"
time=1639771640.947898 loading texture "duckie.png"
time=1639771641.5833237 Pos: [0.2925  0.      0.43875] angle 0
time=1639771641.8495803 Pos: [0.3325  0.      0.43875] angle 0
time=1639771641.9350839 Pos: [0.3725  0.      0.43875] angle 0
time=1639771642.0192883 Pos: [0.4125  0.      0.43875] angle 0
time=1639771642.0998452 Pos: [0.4525  0.      0.43875] angle 0
time=1639771642.1838043 Pos: [0.4925  0.      0.43875] angle 0
time=1639771642.2692626 Pos: [0.5325  0.      0.43875] angle 0
time=1639771642.3521597 Pos: [0.5725  0.      0.43875] angle 0
time=1639771642.434782 Pos: [0.6125  0.      0.43875] angle 0
time=1639771642.5165803 Pos: [0.6525  0.      0.43875] angle 0
time=1639771642.6014552 Pos: [0.6925  0.      0.43875] angle 0
time=1639771642.683465 Pos: [0.7325  0.      0.43875] angle 0
time=1639771642.765973 Pos: [0.7725  0.      0.43875] angle 0
time=1639771642.8546724 Pos: [0.8125  0.      0.43875] angle 0
time=1639771642.9387853 Pos: [0.8525  0.      0.43875] angle 0
time=1639771643.0243518 Pos: [0.8925  0.      0.43875] angle 0
time=1639771643.1069734 Pos: [0.9325  0.      0.43875] angle 0
time=1639771643.1893697 Pos: [0.9725  0.      0.43875] angle 0
time=1639771643.2732003 Pos: [1.0125  0.      0.43875] angle 0
time=1639771643.3569038 Pos: [1.0525  0.      0.43875] angle 0
env.road_tile_size = 0.585
id: 0 , cur_t None
id: 0 , cur_R None
id: 0 , delta_t None
id: 0 , delta_R None
id: 0 , current state: States.Forward_correct_lane
id: 1 , cur_t [[ 0.02644245]
 [-0.44635443]
 [ 0.89446549]]
id: 1 , cur_R [[ 9.99999762e-01  4.75259636e-04  5.00336993e-04]
 [-4.75134165e-04  9.99999856e-01 -2.50861884e-04]
 [-5.00456145e-04  2.50624097e-04  9.99999843e-01]]
id: 1 , delta_t None
id: 1 , delta_R None
id: 1 , current state: States.Forward_correct_lane
id: 2 , cur_t [[ 0.03650731]
 [-0.86889434]
 [ 1.80075393]]
id: 2 , cur_R [[ 9.99999571e-01 -9.06489519e-04 -1.90665683e-04]
 [ 9.06340059e-04  9.99999283e-01 -7.82513417e-04]
 [ 1.91374887e-04  7.82340273e-04  9.99999676e-01]]
id: 2 , delta_t [[ 0.00981206]
 [-0.42230793]
 [ 0.90639932]]
id: 2 , delta_R [[ 9.99998807e-01 -1.38157552e-03 -6.91348772e-04]
 [ 1.38120762e-03  9.99998904e-01 -5.32342960e-04]
 [ 6.92083486e-04  5.31387429e-04  9.99999619e-01]]
id: 2 , current state: States.Forward_correct_lane
id: 3 , cur_t [[ 0.24605937]
 [-1.39311273]
 [ 2.62615263]]
id: 3 , cur_R [[ 9.99969172e-01  3.17818045e-04 -7.84568995e-03]
 [-2.95942359e-04  9.99996066e-01  2.78924601e-03]
 [ 7.84654556e-03 -2.78683815e-03  9.99965332e-01]]
id: 3 , delta_t [[ 0.20923482]
 [-0.52376222]
 [ 0.82576869]]
id: 3 , delta_R [[ 0.99996995  0.00123027 -0.00765407]
 [-0.00120296  0.9999929   0.00357153]
 [ 0.00765841 -0.00356221  0.99996433]]
id: 3 , current state: States.Forward_correct_lane
id: 4 , cur_t [[ 0.71518434]
 [-1.9822576 ]
 [ 3.28405086]]
id: 4 , cur_R [[ 9.99952499e-01  4.07697724e-04 -9.73823696e-03]
 [-3.79721080e-04  9.99995796e-01  2.87454160e-03]
 [ 9.73936797e-03 -2.87070724e-03  9.99948451e-01]]
id: 4 , delta_t [[ 0.47444709]
 [-0.59082691]
 [ 0.65255154]]
id: 4 , delta_R [[ 9.99998205e-01  8.46054805e-05 -1.89286271e-03]
 [-8.44454272e-05  9.99999993e-01  8.46360103e-05]
 [ 1.89286986e-03 -8.44760147e-05  9.99998205e-01]]
id: 4 , current state: States.Forward_correct_lane
id: 5 , cur_t [[ 0.779723  ]
 [-2.44255717]
 [ 4.16946549]]
id: 5 , cur_R [[ 0.9999244  -0.00405731 -0.01160775]
 [ 0.00409682  0.99998589  0.00338122]
 [ 0.01159387 -0.00342852  0.99992691]]
id: 5 , delta_t [[ 0.07333376]
 [-0.46281309]
 [ 0.88341734]]
id: 5 , delta_R [[ 9.99988284e-01 -4.47035686e-03 -1.85687311e-03]
 [ 4.47138568e-03  9.99989852e-01  5.50278833e-04]
 [ 1.85439432e-03 -5.58575181e-04  9.99998125e-01]]
id: 5 , current state: States.Forward_correct_lane
id: 6 , cur_t [[ 1.57269842]
 [-3.0154969 ]
 [ 4.37666118]]
id: 6 , cur_R [[ 0.9991956   0.00635289 -0.03959542]
 [-0.00557745  0.99979109  0.0196637 ]
 [ 0.03971207 -0.01942704  0.99902229]]
id: 6 , delta_t [[ 0.79297043]
 [-0.57685937]
 [ 0.19603866]]
id: 6 , delta_R [[ 0.99955389  0.01031244 -0.02802976]
 [-0.00986175  0.99982063  0.01616979]
 [ 0.02819148 -0.01588616  0.9994763 ]]
id: 6 , current state: States.Forward_correct_lane
id: 7 , cur_t [[ 2.00668232]
 [-3.6188947 ]
 [ 5.04566721]]
id: 7 , cur_R [[ 0.99852716  0.01090079 -0.05314776]
 [-0.00939784  0.99955112  0.0284471 ]
 [ 0.053434   -0.02790572  0.99818139]]
id: 7 , delta_t [[ 0.46356784]
 [-0.6135115 ]
 [ 0.63930313]]
id: 7 , delta_R [[ 0.9998976   0.00428419 -0.01365399]
 [-0.00416662  0.9999541   0.00862776]
 [ 0.01369033 -0.00856998  0.99986956]]
id: 7 , current state: States.Forward_correct_lane
id: 8 , cur_t [[ 2.01378154]
 [-4.07900403]
 [ 5.9335011 ]]
id: 8 , cur_R [[ 0.99848847  0.00798825 -0.05437789]
 [-0.00643419  0.99956753  0.02869421]
 [ 0.05458359 -0.02830096  0.99810805]]
id: 8 , delta_t [[ 0.05885332]
 [-0.48460106]
 [ 0.87275317]]
id: 8 , delta_R [[ 9.99995001e-01 -2.94586558e-03 -1.14868181e-03]
 [ 2.94633199e-03  9.99995578e-01  4.04562514e-04]
 [ 1.14748495e-03 -4.07944890e-04  9.99999258e-01]]
id: 8 , current state: States.Forward_correct_lane
id: 9 , cur_t [[ 1.93382715]
 [-4.47827806]
 [ 6.84683978]]
id: 9 , cur_R [[ 0.99842196  0.01025745 -0.05521216]
 [-0.00871189  0.99956543  0.02816119]
 [ 0.05547703 -0.02763575  0.99807743]]
id: 9 , delta_t [[-0.02741123]
 [-0.42558841]
 [ 0.90450159]]
id: 9 , delta_R [[ 9.99997075e-01  2.24470363e-03 -9.00549675e-04]
 [-2.24529505e-03  9.99997264e-01 -6.56268044e-04]
 [ 8.99074084e-04  6.58288124e-04  9.99999379e-01]]
id: 9 , current state: States.Forward_correct_lane
id: 10 , cur_t [[ 1.91937908]
 [-4.9170671 ]
 [ 7.74531373]]
id: 10 , cur_R [[ 0.99841726  0.00861338 -0.05557687]
 [-0.00705078  0.99957599  0.02825107]
 [ 0.05579664 -0.02781449  0.99805465]]
id: 10 , delta_t [[ 0.03924208]
 [-0.46357655]
 [ 0.88518746]]
id: 10 , delta_R [[ 9.99998582e-01 -1.65358219e-03 -3.18828729e-04]
 [ 1.65364013e-03  9.99998616e-01  1.81561261e-04]
 [ 3.18528062e-04 -1.82088232e-04  9.99999933e-01]]
id: 10 , current state: States.Forward_correct_lane
id: 11 , cur_t [[ 1.88272749]
 [-5.33087425]
 [ 8.65494019]]
id: 11 , cur_R [[ 0.99831777  0.01152771 -0.05682196]
 [-0.00999424  0.99958011  0.02719794]
 [ 0.05711163 -0.02658429  0.9980138 ]]
id: 11 , delta_t [[ 0.01707818]
 [-0.43924819]
 [ 0.89820341]]
id: 11 , delta_R [[ 0.99999497  0.00287862 -0.00132928]
 [-0.00288024  0.99999511 -0.00121543]
 [ 0.00132577  0.00121925  0.99999838]]
id: 11 , current state: States.Forward_correct_lane
id: 12 , cur_t [[ 1.85934834]
 [-5.74499719]
 [ 9.56486085]]
id: 12 , cur_R [[ 0.99827962  0.00835773 -0.05803395]
 [-0.00679829  0.99961186  0.0270168 ]
 [ 0.05823722 -0.02657579  0.99794897]]
id: 12 , delta_t [[ 0.03276607]
 [-0.43840815]
 [ 0.89817853]]
id: 12 , delta_R [[ 9.99994240e-01 -3.20123329e-03 -1.12749293e-03]
 [ 3.20123635e-03  9.99994876e-01  9.04870753e-07]
 [ 1.12748426e-03 -4.51423691e-06  9.99999364e-01]]
id: 12 , current state: States.Forward_correct_lane
id: 13 , cur_t [[ 1.82972032]
 [-6.17798343]
 [10.46577433]]
id: 13 , cur_R [[ 0.99828073  0.00921884 -0.05788431]
 [-0.0076603   0.99960366  0.02708948]
 [ 0.0581111  -0.02659949  0.99795569]]
id: 13 , delta_t [[ 0.02583322]
 [-0.45700829]
 [ 0.88908721]]
id: 13 , delta_R [[ 9.99999618e-01  8.64816852e-04  1.26510968e-04]
 [-8.64819711e-04  9.99999626e-01  2.25477370e-05]
 [-1.26491421e-04 -2.26571375e-05  9.99999992e-01]]
id: 13 , current state: States.Forward_correct_lane
id: 14 , cur_t [[ 1.86562334]
 [-6.63048227]
 [11.35681628]]
id: 14 , cur_R [[ 0.99824246  0.00909754 -0.05855952]
 [-0.00755031  0.99961794  0.0265887 ]
 [ 0.05877904 -0.02609983  0.99792977]]
id: 14 , delta_t [[ 0.091087  ]
 [-0.47568979]
 [ 0.87488421]]
id: 14 , delta_R [[ 9.99999764e-01 -1.39255527e-04 -6.72822933e-04]
 [ 1.38923340e-04  9.99999868e-01 -4.93743064e-04]
 [ 6.72891600e-04  4.93649477e-04  9.99999652e-01]]
id: 14 , current state: States.Forward_correct_lane
id: 15 , cur_t [[ 1.78752276]
 [-7.03338712]
 [12.26871978]]
id: 15 , cur_R [[ 0.99809808  0.00947088 -0.06091401]
 [-0.00783233  0.99960253  0.02708216]
 [ 0.06114629 -0.02655355  0.99777555]]
id: 15 , delta_t [[-0.02132045]
 [-0.42726196]
 [ 0.90387646]]
id: 15 , delta_R [[ 9.99997148e-01  3.11687122e-04 -2.36784829e-03]
 [-3.10560240e-04  9.99999838e-01  4.76262794e-04]
 [ 2.36799635e-03 -4.75526076e-04  9.99997083e-01]]
id: 15 , current state: States.Forward_correct_lane
id: 16 , cur_t [[ 1.89398218]
 [-7.49728559]
 [13.14818814]]
id: 16 , cur_R [[ 0.99801671  0.00900739 -0.06230184]
 [-0.00737062  0.99962292  0.02645172]
 [ 0.06251661 -0.02594005  0.99770676]]
id: 16 , delta_t [[ 0.16366658]
 [-0.48605883]
 [ 0.85846378]]
id: 16 , delta_R [[ 9.99998926e-01 -5.00253408e-04 -1.37741565e-03]
 [ 4.99425482e-04  9.99999694e-01 -6.01350189e-04]
 [ 1.37771606e-03  6.00661627e-04  9.99998871e-01]]
id: 16 , current state: States.Forward_correct_lane
id: 17 , cur_t [[ 2.07853321]
 [-8.01127848]
 [13.98589467]]
id: 17 , cur_R [[ 0.99778806  0.00798517 -0.06599407]
 [-0.00616617  0.99959668  0.02772092]
 [ 0.06618881 -0.02725267  0.99743488]]
id: 17 , delta_t [[ 0.24034403]
 [-0.5338669 ]
 [ 0.8106916 ]]
id: 17 , delta_R [[ 0.99999264 -0.00111781 -0.00367154]
 [ 0.00112275  0.99999847  0.00134227]
 [ 0.00367003 -0.00134638  0.99999236]]
id: 17 , current state: States.Forward_correct_lane
id: 18 , cur_t [[ 2.02804905]
 [-8.43197598]
 [14.89168988]]
id: 18 , cur_R [[ 0.99783966  0.00925593 -0.06504105]
 [-0.00758245  0.99963502  0.02592945]
 [ 0.06525731 -0.02538027  0.99754565]]time=1639771643.4399767 Pos: [1.0925  0.      0.43875] angle 0
time=1639771643.5249965 Pos: [1.1325  0.      0.43875] angle 0
time=1639771643.6056464 Pos: [1.1725  0.      0.43875] angle 0
time=1639771643.6882105 Pos: [1.2125  0.      0.43875] angle 0
time=1639771643.7715101 Pos: [1.2525  0.      0.43875] angle 0
time=1639771643.9157598 Pos: [1.2925  0.      0.43875] angle 0
time=1639771644.0230682 Pos: [1.3325  0.      0.43875] angle 0
time=1639771644.114618 Pos: [1.3725  0.      0.43875] angle 0
time=1639771644.233109 Pos: [1.4125  0.      0.43875] angle 0
time=1639771644.3263335 Pos: [1.4525  0.      0.43875] angle 0
time=1639771644.4104333 Pos: [1.4925  0.      0.43875] angle 0
time=1639771644.5081336 Pos: [1.5325  0.      0.43875] angle 0
time=1639771644.6099768 Pos: [1.5725  0.      0.43875] angle 0
time=1639771644.7175167 Pos: [1.6125  0.      0.43875] angle 0
time=1639771644.8237648 Pos: [1.6525  0.      0.43875] angle 0
time=1639771644.9336665 Pos: [1.6925  0.      0.43875] angle 0
time=1639771645.0529494 Pos: [1.7325  0.      0.43875] angle 0

id: 18 , delta_t [[ 0.01217511]
 [-0.44561629]
 [ 0.89514127]]
id: 18 , delta_R [[ 9.99998737e-01  1.29634671e-03  9.19355455e-04]
 [-1.29461506e-03  9.99997392e-01 -1.88165639e-03]
 [-9.21792336e-04  1.88046380e-03  9.99997807e-01]]
id: 18 , current state: States.Forward_correct_lane
id: 19 , cur_t [[ 2.07129984]
 [-8.89352267]
 [15.77775084]]
id: 19 , cur_R [[ 0.99772876  0.00672629 -0.06702302]
 [-0.00499953  0.99965208  0.0258982 ]
 [ 0.0671739  -0.0255043   0.99741526]]
id: 19 , delta_t [[ 0.10447896]
 [-0.48346637]
 [ 0.86910552]]
id: 19 , delta_R [[ 9.99994830e-01 -2.57926762e-03 -1.92013649e-03]
 [ 2.57953531e-03  9.99996664e-01  1.36948385e-04]
 [ 1.91977686e-03 -1.41900737e-04  9.99998147e-01]]
id: 19 , current state: States.Forward_correct_lane
id: 20 , cur_t [[ 2.0621527 ]
 [-9.33091322]
 [16.67697597]]
id: 20 , cur_R [[ 0.99765028  0.00407421 -0.0683909 ]
 [-0.00234324  0.99967536  0.02537108]
 [ 0.06847207 -0.02515121  0.99733595]]
id: 20 , delta_t [[ 0.05346484]
 [-0.46023401]
 [ 0.88618631]]
id: 20 , delta_R [[ 9.99995545e-01 -2.68619379e-03 -1.30198167e-03]
 [ 2.68574293e-03  9.99996333e-01 -3.47919186e-04]
 [ 1.30291147e-03  3.44420847e-04  9.99999092e-01]]
id: 20 , current state: States.Forward_correct_lane
id: 21 , cur_t [[ 2.04089627]
 [-9.76254848]
 [17.57877371]]
id: 21 , cur_R [[ 9.97555930e-01  2.25939223e-03 -6.98359579e-02]
 [-4.75921833e-04  9.99673583e-01  2.55440912e-02]
 [ 6.98708764e-02 -2.54484232e-02  9.97231387e-01]]
id: 21 , delta_t [[ 0.0415529 ]
 [-0.45426304]
 [ 0.889898  ]]
id: 21 , delta_R [[ 9.99997305e-01 -1.85066763e-03 -1.40202108e-03]
 [ 1.85109061e-03  9.99998242e-01  3.00451465e-04]
 [ 1.40146258e-03 -3.03045923e-04  9.99998972e-01]]
id: 21 , current state: States.Forward_correct_lane
id: 22 , cur_t [[  2.07558814]
 [-10.21593926]
 [ 18.46941015]]
id: 22 , cur_R [[ 0.99739273 -0.00127211 -0.07215352]
 [ 0.00315273  0.99965811  0.02595616]
 [ 0.07209583 -0.02611597  0.99705574]]
id: 22 , delta_t [[ 0.09705241]
 [-0.47582969]
 [ 0.87416642]]
id: 22 , delta_R [[ 9.99991065e-01 -3.58947363e-03 -2.23267859e-03]
 [ 3.59096619e-03  9.99993331e-01  6.64858086e-04]
 [ 2.23027721e-03 -6.72869619e-04  9.99997287e-01]]
id: 22 , current state: States.Forward_correct_lane
id: 23 , cur_t [[  2.02908779]
 [-10.64533933]
 [ 19.37132661]]
id: 23 , cur_R [[ 0.99739428 -0.00141463 -0.07212943]
 [ 0.00330105  0.99965543  0.0260407 ]
 [ 0.07206774 -0.02621094  0.99705528]]
id: 23 , delta_t [[ 0.01729152]
 [-0.45274852]
 [ 0.89147057]]
id: 23 , delta_R [[ 9.99999990e-01 -1.41841324e-04  2.78507661e-05]
 [ 1.41838676e-04  9.99999985e-01  9.50510388e-05]
 [-2.78642478e-05 -9.50470875e-05  9.99999995e-01]]
id: 23 , current state: States.Forward_correct_lane
id: 24 , cur_t [[  1.9999104 ]
 [-11.091441  ]
 [ 20.26583317]]
id: 24 , cur_R [[ 0.99738673 -0.00144297 -0.07223319]
 [ 0.0033246   0.99965808  0.02593596]
 [ 0.07217107 -0.02610833  0.9970505 ]]
id: 24 , delta_t [[ 0.0338911 ]
 [-0.46935254]
 [ 0.88236023]]
id: 24 , delta_R [[ 9.99999994e-01 -3.10545362e-05 -1.03254694e-04]
 [ 3.10439213e-05  9.99999994e-01 -1.02803147e-04]
 [ 1.03257886e-04  1.02799941e-04  9.99999989e-01]]
id: 24 , current state: States.Forward_correct_lane
id: 25 , cur_t [[  1.98866275]
 [-11.50718381]
 [ 21.17524584]]
id: 25 , cur_R [[ 0.99732382 -0.00180955 -0.0730884 ]
 [ 0.00366845  0.99967298  0.02530744]
 [ 0.07301871 -0.02550783  0.99700432]]
id: 25 , delta_t [[ 0.05303285]
 [-0.43932767]
 [ 0.89676012]]
id: 25 , delta_R [[ 9.99999565e-01 -3.88843048e-04 -8.47657932e-04]
 [ 3.88332627e-04  9.99999743e-01 -6.02235388e-04]
 [ 8.47891889e-04  6.01905953e-04  9.99999459e-01]]
id: 25 , current state: States.Forward_correct_lane
id: 26 , cur_t [[  1.91031095]
 [-11.91549568]
 [ 22.08471954]]
id: 26 , cur_R [[ 0.99717874 -0.00563544 -0.07485183]
 [ 0.00746183  0.99968067  0.02414296]
 [ 0.07469187 -0.02463338  0.99690236]]
id: 26 , delta_t [[-0.0132314 ]
 [-0.43123527]
 [ 0.90214249]]
id: 26 , delta_R [[ 9.99991116e-01 -3.86979644e-03 -1.67114788e-03]
 [ 3.86832272e-03  9.99992127e-01 -8.84197164e-04]
 [ 1.67455638e-03  8.77724769e-04  9.99998213e-01]]
id: 26 , current state: States.Forward_correct_lane
id: 27 , cur_t [[  1.88934777]
 [-12.35179602]
 [ 22.98427641]]
id: 27 , cur_R [[ 0.9970472  -0.0021283  -0.07676164]
 [ 0.00409808  0.9996661   0.02551254]
 [ 0.07668172 -0.02575178  0.99672301]]
id: 27 , delta_t [[ 0.04302994]
 [-0.45820201]
 [ 0.88780592]]
id: 27 , delta_R [[ 0.99999202  0.00345892 -0.00200012]
 [-0.0034567   0.9999934   0.00111445]
 [ 0.00200396 -0.00110753  0.99999738]]
id: 27 , current state: States.Forward_correct_lane
id: 28 , cur_t [[  1.86834495]
 [-12.78590074]
 [ 23.88489396]]
id: 28 , cur_R [[ 0.99707024 -0.00368302 -0.07640264]
 [ 0.00559392  0.99967649  0.02481195]
 [ 0.07628654 -0.02516665  0.99676828]]
id: 28 , delta_t [[ 0.0463411 ]
 [-0.45710758]
 [ 0.88820333]]
id: 28 , delta_R [[ 9.99998727e-01 -1.54494882e-03  3.99634588e-04]
 [ 1.54518201e-03  9.99998636e-01 -5.83855740e-04]
 [-3.98732015e-04  5.84472505e-04  9.99999750e-01]]
id: 28 , current state: States.Forward_correct_lane
id: 29 , cur_t [[  1.75204644]
 [-13.17325269]
 [ 24.79946114]]
id: 29 , cur_R [[ 0.99715816 -0.00988434 -0.07468539]
 [ 0.01168446  0.99965073  0.02370436]
 [ 0.074425   -0.02450966  0.99692537]]
id: 29 , delta_t [[-0.04835544]
 [-0.4098149 ]
 [ 0.91088611]]
id: 29 , delta_R [[ 9.99979294e-01 -6.15621069e-03  1.87446994e-03]
 [ 6.15741753e-03  9.99980839e-01 -6.38738530e-04]
 [-1.87050182e-03  6.50267198e-04  9.99998039e-01]]
id: 29 , current state: States.Forward_correct_lane
id: 30 , cur_t [[  1.89032662]
 [-13.70180905]
 [ 25.63702115]]
id: 30 , cur_R [[ 0.99647815 -0.01001435 -0.08325265]
 [ 0.01257866  0.99946066  0.03033425]
 [ 0.08290397 -0.03127462  0.99606668]]
id: 30 , delta_t [[ 0.19404673]
 [-0.55026686]
 [ 0.81212822]]
id: 30 , delta_R [[ 9.99963061e-01 -3.40994620e-04 -8.58833970e-03]
 [ 3.98377923e-04  9.99977604e-01  6.68071192e-03]
 [ 8.58586928e-03 -6.68388655e-03  9.99940803e-01]]
id: 30 , current state: States.Forward_correct_lane
id: 31 , cur_t [[  2.10395151]
 [-14.26240655]
 [ 26.43708043]]
id: 31 , cur_R [[ 0.99584705 -0.0079826  -0.09069138]
 [ 0.01131624  0.99927673  0.03630358]
 [ 0.09033599 -0.0371791   0.99521712]]
id: 31 , delta_t [[ 0.27214906]
 [-0.58745602]
 [ 0.76212225]]
id: 31 , delta_R [[ 0.99997007  0.00179707 -0.00752534]
 [-0.00175309  0.99998137  0.00584695]
 [ 0.0075357  -0.00583358  0.99995459]]
id: 31 , current state: States.Forward_correct_lane
id: 32 , cur_t [[  2.10637335]
 [-14.68154292]
 [ 27.34500048]]
id: 32 , cur_R [[ 0.99571033 -0.01492334 -0.09131391]
 [ 0.01819892  0.99921652  0.03514475]
 [ 0.09071789 -0.0366558   0.9952018 ]]
id: 32 , delta_t [[ 0.07968659]
 [-0.45260821]
 [ 0.8881418 ]]
id: 32 , delta_R [[ 9.99975710e-01 -6.95986721e-03 -3.73852261e-04]
 [ 6.95966885e-03  9.99975641e-01 -5.29298135e-04]
 [ 3.77526999e-04  5.26683390e-04  9.99999790e-01]]
id: 32 , current state: States.Forward_correct_lane
id: 33 , cur_t [[  2.10747062]
 [-15.1072544 ]
 [ 28.24985878]]
id: 33 , cur_R [[ 0.99580256 -0.01138511 -0.09081647]
 [ 0.01447792  0.99933486  0.0334698 ]
 [ 0.090375   -0.03464415  0.99530505]]
id: 33 , delta_t [[ 0.07543191]
 [-0.45856262]
 [ 0.88545488]]
id: 33 , delta_R [[ 9.99993613e-01  3.55461165e-03  3.73727071e-04]
 [-3.55385398e-03  9.99991667e-01 -2.00881019e-03]
 [-3.80864497e-04  2.00746919e-03  9.99997913e-01]]
id: 33 , current state: States.Forward_correct_lane
id: 34 , cur_t [[  2.58955445]
 [-15.70050497]
 [ 28.8945672 ]]
id: 34 , cur_R [[ 0.99410576 -0.00496597 -0.10830084]
 [ 0.00974716  0.99899878  0.04366277]
 [ 0.10797558 -0.04446103  0.99315884]]
id: 34 , delta_t [[ 0.52973681]
 [-0.62067992]
 [ 0.57804442]]
id: 34 , delta_R [[ 0.99982511  0.00580511 -0.01777802]
 [-0.00563276  0.99993681  0.00972921]
 [ 0.01783338 -0.00962737  0.99979462]]
id: 34 , current state: States.Forward_correct_lane
id: 35 , cur_t [[  2.65733213]
 [-16.15597205]
 [ 29.78223601]]
id: 35 , cur_R [[ 0.99350672 -0.00435549 -0.11369   ]
 [ 0.00961911  0.99890475  0.04579059]
 [ 0.11336605 -0.04658685  0.99246048]]
id: 35 , delta_t [[ 0.15878523]
 [-0.49481432]
 [ 0.8543688 ]]time=1639771645.1634035 Pos: [1.7725  0.      0.43875] angle 0
time=1639771645.294004 Pos: [1.8125  0.      0.43875] angle 0
time=1639771645.4042525 Pos: [1.8525  0.      0.43875] angle 0
time=1639771645.519426 Pos: [1.8925  0.      0.43875] angle 0
time=1639771645.6277933 Pos: [1.9325  0.      0.43875] angle 0
time=1639771645.7250156 Pos: [1.9725  0.      0.43875] angle 0
time=1639771645.8499365 Pos: [2.0125  0.      0.43875] angle 0
time=1639771645.951366 Pos: [2.0525  0.      0.43875] angle 0
time=1639771646.0922637 Pos: [2.0925  0.      0.43875] angle 0
time=1639771646.2059033 Pos: [2.1325  0.      0.43875] angle 0
time=1639771646.3316743 Pos: [2.1325  0.      0.43875] angle 0.046587467971115765
time=1639771646.440331 Pos: [2.1325  0.      0.43875] angle 0.0
time=1639771646.5290723 Pos: [2.1325  0.      0.43875] angle -0.046587467971115765
time=1639771646.6155918 Pos: [2.1325  0.      0.43875] angle -0.09317493594223153
time=1639771646.6955335 Pos: [2.1325  0.      0.43875] angle -0.1397624039133473
time=1639771646.7774563 Pos: [2.1325  0.      0.43875] angle -0.18634987188446306
time=1639771646.8575983 Pos: [2.1325  0.      0.43875] angle -0.23293733985557882
time=1639771646.9553447 Pos: [2.1325  0.      0.43875] angle -0.2795248078266946

id: 35 , delta_R [[ 9.99985113e-01  3.68724177e-04 -5.44411885e-03]
 [-3.57276325e-04  9.99997724e-01  2.10361521e-03]
 [ 5.44488211e-03 -2.10163884e-03  9.99982968e-01]]
id: 35 , current state: States.Forward_correct_lane
id: 36 , cur_t [[  2.62138856]
 [-16.58490709]
 [ 30.68485597]]
id: 36 , cur_R [[ 0.99314644 -0.01097939 -0.11635976]
 [ 0.01639309  0.99882201  0.04567116]
 [ 0.11572125 -0.04726565  0.99215652]]
id: 36 , delta_t [[ 0.0624903 ]
 [-0.47035891]
 [ 0.88025988]]
id: 36 , delta_R [[ 9.99974433e-01 -6.74236102e-03 -2.38188220e-03]
 [ 6.74393469e-03  9.99977046e-01  6.53272797e-04]
 [ 2.37742292e-03 -6.69319353e-04  9.99996950e-01]]
id: 36 , current state: States.Forward_correct_lane
id: 37 , cur_t [[  2.61945857]
 [-17.00451515]
 [ 31.59255931]]
id: 37 , cur_R [[ 0.99275268 -0.01116006 -0.11965604]
 [ 0.01686084  0.99876492  0.04673702]
 [ 0.11898667 -0.04841581  0.99171472]]
id: 37 , delta_t [[ 0.09624513]
 [-0.46199577]
 [ 0.88164437]]
id: 37 , delta_R [[ 9.99994473e-01 -3.37460902e-04 -3.30745508e-03]
 [ 3.41148146e-04  9.99999321e-01  1.11432755e-03]
 [ 3.30707679e-03 -1.11544973e-03  9.99993909e-01]]
id: 37 , current state: States.Forward_correct_lane
id: 38 , cur_t [[  2.63122435]
 [-17.4454953 ]
 [ 32.48999905]]
id: 38 , cur_R [[ 0.99322237 -0.00561323 -0.11609402]
 [ 0.01061014  0.99904145  0.04246887]
 [ 0.11574435 -0.0434128   0.99232987]]
id: 38 , delta_t [[ 0.11102857]
 [-0.48401708]
 [ 0.86798625]]
id: 38 , delta_R [[ 0.99997816  0.00571438  0.00331984]
 [-0.00569777  0.99997132 -0.00498993]
 [-0.00334826  0.00497091  0.99998204]]
id: 38 , current state: States.Forward_correct_lane
id: 39 , cur_t [[  2.56372966]
 [-17.87094939]
 [ 33.39245862]]
id: 39 , cur_R [[ 0.99317535 -0.00606696 -0.1164728 ]
 [ 0.01105661  0.99904625  0.04224146]
 [ 0.11610544 -0.04324097  0.99229519]]
id: 39 , delta_t [[ 0.03290323]
 [-0.46384571]
 [ 0.88530477]]
id: 39 , delta_R [[ 9.99999824e-01 -4.69875350e-04 -3.61625605e-04]
 [ 4.69812380e-04  9.99999874e-01 -1.74197992e-04]
 [ 3.61707411e-04  1.74028065e-04  9.99999919e-01]]
id: 39 , current state: States.Forward_correct_lane
id: 40 , cur_t [[  2.5147742 ]
 [-18.29086045]
 [ 34.29870255]]
id: 40 , cur_R [[ 0.99308605 -0.0048408  -0.11728876]
 [ 0.00982444  0.99907143  0.04194951]
 [ 0.11697678 -0.04281177  0.99221146]]
id: 40 , delta_t [[ 0.0519557 ]
 [-0.45840042]
 [ 0.88722582]]
id: 40 , delta_R [[ 9.99998911e-01  1.18952891e-03 -8.73062141e-04]
 [-1.18990803e-03  9.99999198e-01 -4.33851442e-04]
 [ 8.72545362e-04  4.34889834e-04  9.99999525e-01]]
id: 40 , current state: States.Forward_correct_lane
id: 41 , cur_t [[  2.43777148]
 [-18.67612292]
 [ 35.21829127]]
id: 41 , cur_R [[ 0.9930809  -0.00278261 -0.11739926]
 [ 0.00772983  0.99910003  0.04170589]
 [ 0.11717755 -0.0423248   0.99220866]]
id: 41 , delta_t [[ 0.02731521]
 [-0.42390119]
 [ 0.90529645]]
id: 41 , delta_R [[ 9.99997876e-01  2.05159695e-03 -1.98353975e-04]
 [-2.05169353e-03  9.99997776e-01 -4.87965127e-04]
 [ 1.97352426e-04  4.88371052e-04  9.99999861e-01]]
id: 41 , current state: States.Forward_correct_lane
id: 42 , cur_t [[  2.43427083]
 [-19.08723015]
 [ 36.12987154]]
id: 42 , cur_R [[ 0.99252693 -0.00138846 -0.1220179 ]
 [ 0.0066441   0.99906685  0.04267642]
 [ 0.12184479 -0.0431682   0.99160998]]
id: 42 , delta_t [[ 0.10016253]
 [-0.44930996]
 [ 0.88774322]]
id: 42 , delta_R [[ 9.99988209e-01  1.19598880e-03 -4.70657714e-03]
 [-1.19206145e-03  9.99998939e-01  8.37156060e-04]
 [ 4.70757338e-03 -8.31535660e-04  9.99988574e-01]]
id: 42 , current state: States.Forward_correct_lane
id: 43 , cur_t [[  2.36150167]
 [-19.49431533]
 [ 37.04035839]]
id: 43 , cur_R [[ 0.99237356 -0.00340835 -0.1232197 ]
 [ 0.00864437  0.9990809   0.0419838 ]
 [ 0.12296335 -0.04272877  0.99149093]]
id: 43 , delta_t [[ 0.03600802]
 [-0.44590835]
 [ 0.89435405]]
id: 43 , delta_R [[ 9.99997226e-01 -2.07030962e-03 -1.12320725e-03]
 [ 2.06981236e-03  9.99997760e-01 -4.43698227e-04]
 [ 1.12412333e-03  4.41372168e-04  9.99999271e-01]]
id: 43 , current state: States.Forward_correct_lane
id: 44 , cur_t [[  2.22777954]
 [-19.90012965]
 [ 37.94447848]]
id: 44 , cur_R [[ 0.99250341 -0.01010434 -0.12179856]
 [ 0.01518266  0.99905039  0.04083871]
 [ 0.12127025 -0.04238178  0.99171433]]
id: 44 , delta_t [[-0.02503668]
 [-0.4436175 ]
 [ 0.89586644]]
id: 44 , delta_R [[ 9.99976564e-01 -6.62905537e-03  1.71113047e-03]
 [ 6.62962950e-03  9.99977969e-01 -3.30072303e-04]
 [-1.70890471e-03  3.41408728e-04  9.99998482e-01]]
id: 44 , current state: States.Forward_correct_lane
id: 45 , cur_t [[  2.07560986]
 [-20.28050346]
 [ 38.8567066 ]]
id: 45 , cur_R [[ 0.99268616 -0.01777046 -0.11940857]
 [ 0.02242467  0.99903568  0.0377472 ]
 [ 0.11862263 -0.04014882  0.99212738]]
id: 45 , delta_t [[-0.04617789]
 [-0.41713689]
 [ 0.90766978]]
id: 45 , delta_R [[ 0.99996774 -0.00755845  0.00271725]
 [ 0.00756441  0.999969   -0.00218703]
 [-0.00270064  0.00220751  0.99999392]]
id: 45 , current state: States.Forward_correct_lane
id: 46 , cur_t [[  1.1965809 ]
 [-20.54210796]
 [ 38.45812014]]
id: 46 , cur_R [[ 0.99307103 -0.02326226 -0.1151903 ]
 [ 0.03162715  0.99695114  0.07133128]
 [ 0.11317977 -0.07448017  0.99077901]]
id: 46 , delta_t [[-0.92574765]
 [-0.2297287 ]
 [-0.30035979]]
id: 46 , delta_R [[ 0.99997595 -0.00531865  0.00445121]
 [ 0.00516199  0.99939154  0.034495  ]
 [-0.00463197 -0.03447119  0.99939496]]
id: 46 , current state: States.Change_lane_to_oncoming
id: 47 , cur_t [[  1.56282701]
 [-20.21409464]
 [ 37.58733254]]
id: 47 , cur_R [[ 0.99758536 -0.06325951 -0.0286652 ]
 [ 0.06509567  0.99552942  0.06843781]
 [ 0.02420771 -0.07013853  0.99724349]]
id: 47 , delta_t [[ 0.275527  ]
 [ 0.38334995]
 [-0.88154846]]
id: 47 , delta_R [[ 0.99544662 -0.03356058  0.08921718]
 [ 0.03360298  0.99943473  0.00102705]
 [-0.08920121  0.00197559  0.99601167]]
id: 47 , current state: States.Change_lane_to_oncoming
id: 48 , cur_t [[  2.5159524 ]
 [-20.29884467]
 [ 37.29686839]]
id: 48 , cur_R [[ 0.99660936 -0.08133833  0.01240397]
 [ 0.08009332  0.99356587  0.08007448]
 [-0.01883728 -0.0788095   0.9967117 ]]
id: 48 , delta_t [[ 0.9382756 ]
 [-0.12429266]
 [-0.32278512]]
id: 48 , delta_R [[ 0.99899276 -0.01525085  0.04220036]
 [ 0.01475208  0.9998179   0.01210538]
 [-0.04237729 -0.01147064  0.99903583]]
id: 48 , current state: States.Change_lane_to_oncoming
id: 49 , cur_t [[  3.51291518]
 [-20.35973052]
 [ 37.24830788]]
id: 49 , cur_R [[ 0.99540669 -0.09200751  0.02646026]
 [ 0.08919793  0.99168563  0.09275423]
 [-0.03477434 -0.08996798  0.99533738]]
id: 49 , delta_t [[ 0.98962064]
 [-0.13775837]
 [-0.04090994]]
id: 49 , delta_R [[ 0.99984357 -0.0095713   0.01487356]
 [ 0.00938396  0.9998764   0.01261473]
 [-0.01499246 -0.01247318  0.9998098 ]]
id: 49 , current state: States.Change_lane_to_oncoming
id: 50 , cur_t [[  4.50207043]
 [-20.36375808]
 [ 37.10148934]]
id: 50 , cur_R [[ 0.99305009 -0.10630206  0.05051133]
 [ 0.10079773  0.98974135  0.10125159]
 [-0.0607564  -0.09545647  0.99357774]]
id: 50 , delta_t [[ 0.98935801]
 [-0.08179482]
 [-0.12033425]]
id: 50 , delta_R [[ 0.99960583 -0.01215507  0.02530693]
 [ 0.01195024  0.99989473  0.00822929]
 [-0.02540429 -0.00792362  0.99964586]]
id: 50 , current state: States.Change_lane_to_oncoming
id: 51 , cur_t [[  5.24779345]
 [-20.54284461]
 [ 36.45975327]]
id: 51 , cur_R [[ 0.98843476 -0.113988    0.10001727]
 [ 0.10146555  0.98727631  0.12243463]
 [-0.11270076 -0.11087034  0.98742408]]
id: 51 , delta_t [[ 0.76147838]
 [-0.19526338]
 [-0.61808001]]
id: 51 , delta_R [[ 0.99873439 -0.00305976  0.05020209]
 [ 0.00199521  0.99977238  0.02124173]
 [-0.05025565 -0.02111468  0.99851316]]
id: 51 , current state: States.Change_lane_to_oncoming
id: 52 , cur_t [[  5.81514978]
 [-20.34347431]
 [ 35.66078001]]
id: 52 , cur_R [[ 0.97646722 -0.14662583  0.15815383]
 [ 0.12708888  0.98368631  0.12731717]
 [-0.17424174 -0.10422145  0.97917195]]
id: 52 , delta_t [[ 0.67106884]
 [ 0.2207442 ]
 [-0.70777017]]
id: 52 , delta_R [[ 9.97705846e-01 -2.63189150e-02  6.23727548e-02]
 [ 2.62245398e-02  9.99653359e-01  2.33138903e-03]
 [-6.24124935e-02 -6.90343673e-04  9.98050201e-01]]
id: 52 , current state: States.Change_lane_to_oncoming
id: 53 , cur_t [[  6.71429895]
 [-20.2137971 ]
 [ 35.24279126]]time=1639771647.0463676 Pos: [2.1325  0.      0.43875] angle -0.3261122757978103
time=1639771647.1310723 Pos: [2.1325  0.      0.43875] angle -0.3726997437689261
time=1639771647.2086303 Pos: [2.1325  0.      0.43875] angle -0.4192872117400419
time=1639771647.296416 Pos: [2.1325  0.      0.43875] angle -0.4658746797111577
time=1639771647.388466 Pos: [2.1325  0.      0.43875] angle -0.5124621476822735
time=1639771647.4934368 Pos: [2.1325  0.      0.43875] angle -0.5590496156533893
time=1639771647.6058285 Pos: [2.1325  0.      0.43875] angle -0.6056370836245051
time=1639771647.6918652 Pos: [2.1325  0.      0.43875] angle -0.6522245515956209
time=1639771647.7881672 Pos: [2.1325  0.      0.43875] angle -0.6988120195667367

id: 53 , cur_R [[ 0.96621453 -0.16847384  0.19505394]
 [ 0.14417042  0.98059953  0.13281358]
 [-0.21364541 -0.10020541  0.97175846]]
id: 53 , delta_t [[ 0.96730131]
 [ 0.0392866 ]
 [-0.25056884]]
id: 53 , delta_R [[ 0.99902796 -0.01809658  0.04019503]
 [ 0.01800145  0.99983424  0.00272733]
 [-0.04023772 -0.00200111  0.99918813]]
id: 53 , current state: States.Change_lane_to_oncoming
id: 54 , cur_t [[  7.34437774]
 [-20.04214796]
 [ 34.4854688 ]]
id: 54 , cur_R [[ 0.9500951  -0.19406031  0.24425376]
 [ 0.16380924  0.97667977  0.13879178]
 [-0.26549168 -0.09185437  0.95972754]]
id: 54 , delta_t [[ 0.79533648]
 [ 0.13805507]
 [-0.59023782]]
id: 54 , delta_R [[ 9.98332437e-01 -2.08796140e-02  5.38180857e-02]
 [ 2.08017616e-02  9.99781607e-01  2.00640258e-03]
 [-5.38482251e-02 -8.83545791e-04  9.98548741e-01]]
id: 54 , current state: States.Change_lane_to_oncoming
id: 55 , cur_t [[  6.76305489]
 [-19.56495033]
 [ 33.82641936]]
id: 55 , cur_R [[ 0.88647202 -0.28531222  0.36436836]
 [ 0.25280641  0.95803527  0.13511974]
 [-0.38762906 -0.02766521  0.92140021]]
id: 55 , delta_t [[-0.29917046]
 [ 0.63941753]
 [-0.70826708]]
id: 55 , delta_R [[ 0.98659884 -0.08287502  0.14055058]
 [ 0.08727702  0.9958592  -0.02543959]
 [-0.13786029  0.0373655   0.98974661]]
id: 55 , current state: States.Change_lane_to_oncoming
id: 56 , cur_t [[  7.6010281 ]
 [-19.12582526]
 [ 33.50242851]]
id: 56 , cur_R [[ 0.86750368 -0.29620955  0.39962141]
 [ 0.26792477  0.95511961  0.12634414]
 [-0.41911059 -0.00253554  0.90793165]]
id: 56 , delta_t [[0.9794417 ]
 [0.19057659]
 [0.06614015]]
id: 56 , delta_R [[ 0.99913934 -0.01047196  0.04013632]
 [ 0.01103633  0.99984296 -0.01386549]
 [-0.03998482  0.01429652  0.99909801]]
id: 56 , current state: States.Change_lane_to_oncoming
id: 57 , cur_t [[  7.19739906]
 [-19.54358658]
 [ 32.68845119]]
id: 57 , cur_R [[ 0.81948948 -0.28439561  0.49755013]
 [ 0.25852564  0.95827728  0.12193909]
 [-0.51146993  0.02870167  0.85882171]]
id: 57 , delta_t [[-0.12093177]
 [-0.27738939]
 [-0.95311627]]
id: 57 , delta_R [[ 9.93982516e-01  1.07922533e-02  1.09005894e-01]
 [-1.08494681e-02  9.99941140e-01 -6.82210932e-05]
 [-1.09000214e-01 -1.11484539e-03  9.94041101e-01]]
id: 57 , current state: States.Change_lane_to_oncoming
id: 58 , cur_t [[  7.15268574]
 [-19.65508931]
 [ 31.69569349]]
id: 58 , cur_R [[ 0.77426688 -0.25596236  0.57878672]
 [ 0.23892255  0.96510423  0.10719068]
 [-0.58602629  0.05529101  0.80840342]]
id: 58 , delta_t [[ 0.4422973 ]
 [-0.12262806]
 [-0.88844553]]
id: 58 , delta_R [[ 9.95273542e-01  2.54616493e-02  9.37138292e-02]
 [-2.53441534e-02  9.99675798e-01 -2.44392156e-03]
 [-9.37456733e-02  5.72728059e-05  9.95596176e-01]]
id: 58 , current state: States.Change_lane_to_oncoming
id: 59 , cur_t [[  6.67908369]
 [-20.10239259]
 [ 30.93699666]]
id: 59 , cur_R [[ 0.71307079 -0.23077458  0.66202201]
 [ 0.22593262  0.96953704  0.09461701]
 [-0.66369006  0.08210374  0.74348805]]
id: 59 , delta_t [[-0.02894893]
 [-0.3524191 ]
 [-0.93539443]]
id: 59 , delta_R [[ 9.94346250e-01  1.86097591e-02  1.04542869e-01]
 [-1.84697717e-02  9.99826757e-01 -2.30706180e-03]
 [-1.04567691e-01  3.63135329e-04  9.94517705e-01]]
id: 59 , current state: States.Change_lane_to_oncoming
id: 60 , cur_t [[  7.27796998]
 [-20.03940068]
 [ 31.73534948]]
id: 60 , cur_R [[ 0.63911096 -0.21185165  0.73936193]
 [ 0.22354073  0.97098228  0.08498797]
 [-0.73591217  0.11096076  0.66792289]]
id: 60 , delta_t [[-0.08857858]
 [-0.01158698]
 [ 0.9960018 ]]
id: 60 , delta_R [[ 0.9940952   0.00895421  0.10814135]
 [-0.00841375  0.99994974 -0.00545294]
 [-0.10818475  0.00451087  0.99412057]]
id: 60 , current state: States.Change_lane_to_oncoming
id: 61 , cur_t [[  7.68650419]
 [-19.48452387]
 [ 32.46006427]]
id: 61 , cur_R [[ 0.56023373 -0.17468924  0.80970478]
 [ 0.21095558  0.97536729  0.06447009]
 [-0.80102179  0.13469342  0.58328532]]
id: 61 , delta_t [[-0.14819018]
 [ 0.53264181]
 [ 0.83326609]]
id: 61 , delta_R [[ 0.99372461  0.02443006  0.10915388]
 [-0.02414241  0.9997007  -0.00395623]
 [-0.10921786  0.00129617  0.99401699]]
id: 61 , current state: States.Change_lane_to_oncoming
total reward =  36.48000000000008
False: Incorrect solution execution: OpenCV(4.5.4) /tmp/pip-req-build-w88qv8vs/opencv/modules/calib3d/src/five-point.cpp:747: error: (-215:Assertion failed) E.cols == 3 && E.rows == 3 in function 'decomposeEssentialMat'

