False: Execution aborted by timeout\ntime=1640115733.255805 gym-duckietown 2019.0.0

time=1640115733.524863 Registering gym environment id: Duckietown-4way-v0
time=1640115733.525014 Registering gym environment id: Duckietown-loop_dyn_duckiebots-v0
time=1640115733.5251033 Registering gym environment id: Duckietown-loop_empty-v0
time=1640115733.5251918 Registering gym environment id: Duckietown-loop_obstacles-v0
time=1640115733.525271 Registering gym environment id: Duckietown-loop_pedestrians-v0
time=1640115733.5253365 Registering gym environment id: Duckietown-small_loop-v0
time=1640115733.5254683 Registering gym environment id: Duckietown-small_loop_cw-v0
time=1640115733.5255945 Registering gym environment id: Duckietown-straight_road-v0
time=1640115733.525722 Registering gym environment id: Duckietown-straight_road_10_tiles_no_start_tile-v0
time=1640115733.5258362 Registering gym environment id: Duckietown-straight_road_no_start_tile-v0
time=1640115733.5259585 Registering gym environment id: Duckietown-straight_road_trafficlight-v0
time=1640115733.5260782 Registering gym environment id: Duckietown-straight_road_with_side_floor-v0
time=1640115733.5262022 Registering gym environment id: Duckietown-udem1-v0
time=1640115733.5262814 Registering gym environment id: Duckietown-zigzag_dists-v0
time=1640115735.4698195 Falling back to non-multisampled frame buffer
time=1640115735.4739826 Falling back to non-multisampled frame buffer
time=1640115735.4785283 loading map file "/home/appuser/aido-auto/gym-duckietown/gym_duckietown/maps/straight_road.yaml"
time=1640115735.4856076 loading mesh "duckiebot.obj"
time=1640115735.4858868 loading materials from "/home/appuser/aido-auto/gym-duckietown/gym_duckietown/meshes/duckiebot.mtl"
time=1640115735.9159055 loading texture "straight_1.png"
time=1640115735.9336295 road_tile_size=0.585
time=1640115735.9341116 Starting at [0.2925  0.      0.43875] 0
time=1640115735.9344287 Pos: [0.2925  0.      0.43875] angle 0
time=1640115736.10215 using DuckietownEnv
/usr/local/lib/python3.6/dist-packages/gym/spaces/box.py:74: UserWarning: [33mWARN: Box bound precision lowered by casting to float32[0m
  "Box bound precision lowered by casting to {}".format(self.dtype)
time=1640115736.1035895 loading mesh "duckie.obj"
time=1640115736.1530416 loading texture "duckie.png"
time=1640115736.7894802 Pos: [0.2925  0.      0.43875] angle 0
time=1640115737.072139 Pos: [0.3325  0.      0.43875] angle 0
time=1640115737.1687157 Pos: [0.3725  0.      0.43875] angle 0
time=1640115737.2924185 Pos: [0.4125  0.      0.43875] angle 0
time=1640115737.4008548 Pos: [0.4525  0.      0.43875] angle 0
time=1640115737.5263643 Pos: [0.4925  0.      0.43875] angle 0
time=1640115737.6393385 Pos: [0.5325  0.      0.43875] angle 0
time=1640115737.7509725 Pos: [0.5725  0.      0.43875] angle 0
time=1640115737.8617883 Pos: [0.6125  0.      0.43875] angle 0
time=1640115737.9728117 Pos: [0.6525  0.      0.43875] angle 0
time=1640115738.0881152 Pos: [0.6925  0.      0.43875] angle 0
time=1640115738.2072933 Pos: [0.7325  0.      0.43875] angle 0
time=1640115738.3429606 Pos: [0.7725  0.      0.43875] angle 0
time=1640115738.4696307 Pos: [0.8125  0.      0.43875] angle 0
time=1640115738.587947 Pos: [0.8525  0.      0.43875] angle 0
time=1640115738.7094975 Pos: [0.8925  0.      0.43875] angle 0
time=1640115738.8319566 Pos: [0.9325  0.      0.43875] angle 0
time=1640115738.9627824 Pos: [0.9725  0.      0.43875] angle 0
time=1640115739.082845 Pos: [1.0125  0.      0.43875] angle 0
time=1640115739.1970718 Pos: [1.0525  0.      0.43875] angle 0
env.road_tile_size = 0.585
id: 0 , cur_t None
id: 0 , cur_R None
id: 0 , delta_t None
id: 0 , delta_R None
id: 0 , current state: States.Forward_correct_lane
id: 1 , cur_t [[ 0.53486861]
 [-0.64335858]
 [ 0.5477274 ]]
id: 1 , cur_R [[ 0.99991419  0.00426492 -0.01238634]
 [-0.0041524   0.99995001  0.00909579]
 [ 0.01242451 -0.00904358  0.99988192]]
id: 1 , delta_t None
id: 1 , delta_R None
id: 1 , current state: States.Forward_correct_lane
id: 2 , cur_t [[ 0.53209081]
 [-1.08096864]
 [ 1.44688796]]
id: 2 , cur_R [[ 0.99991978  0.00460676 -0.01179902]
 [-0.00449492  0.99994488  0.00948838]
 [ 0.01184208 -0.00943458  0.99988537]]
id: 2 , delta_t [[ 0.01021121]
 [-0.44573166]
 [ 0.89510838]]
id: 2 , delta_R [[ 9.99999769e-01  3.47140948e-04  5.84224841e-04]
 [-3.47367854e-04  9.99999864e-01  3.88331933e-04]
 [-5.84089956e-04 -3.88534785e-04  9.99999754e-01]]
id: 2 , current state: States.Forward_correct_lane
id: 3 , cur_t [[ 0.70685754]
 [-1.61634901]
 [ 2.27321989]]
id: 3 , cur_R [[ 0.999861    0.00941229 -0.01376155]
 [-0.0092637   0.99989853  0.01082154]
 [ 0.01386201 -0.01069255  0.99984675]]
id: 3 , delta_t [[ 0.18694468]
 [-0.54234185]
 [ 0.81909524]]
id: 3 , delta_R [[ 0.99998653  0.0047869  -0.00200834]
 [-0.00478435  0.99998774  0.00127697]
 [ 0.00201442 -0.00126734  0.99999717]]
id: 3 , current state: States.Forward_correct_lane
id: 4 , cur_t [[ 0.72962006]
 [-2.07539726]
 [ 3.16133958]]
id: 4 , cur_R [[ 0.9998277   0.01243006 -0.01378603]
 [-0.01228998  0.99987246  0.01019927]
 [ 0.01391105 -0.01002808  0.99985295]]
id: 4 , delta_t [[ 0.03932296]
 [-0.46828368]
 [ 0.88270272]]
id: 4 , delta_R [[ 9.99995446e-01  3.01750586e-03 -5.72049436e-05]
 [-3.01754318e-03  9.99995227e-01 -6.63843191e-04]
 [ 5.52015199e-05  6.64012786e-04  9.99999778e-01]]
id: 4 , current state: States.Forward_correct_lane
id: 5 , cur_t [[ 0.64876304]
 [-2.47110658]
 [ 4.076149  ]]
id: 5 , cur_R [[ 0.99984433  0.01246679 -0.0124856 ]
 [-0.01234704  0.99987747  0.00962279]
 [ 0.01260403 -0.00946713  0.99987575]]
id: 5 , delta_t [[-0.06325387]
 [-0.4058377 ]
 [ 0.91175365]]
id: 5 , delta_R [[ 9.99999154e-01  4.97889049e-05  1.30010128e-03]
 [-4.90384680e-05  9.99999832e-01 -5.77239678e-04]
 [-1.30012980e-03  5.77175435e-04  9.99998988e-01]]
id: 5 , current state: States.Forward_correct_lane
id: 6 , cur_t [[ 0.82613915]
 [-3.01739761]
 [ 4.89474769]]
id: 6 , cur_R [[ 0.99981751  0.01599484 -0.01044603]
 [-0.01592865  0.99985272  0.00638903]
 [ 0.01054669 -0.00622147  0.99992503]]
id: 6 , delta_t [[ 0.19441122]
 [-0.55176256]
 [ 0.8110255 ]]
id: 6 , delta_R [[ 0.9999917   0.00354757  0.00200557]
 [-0.00354099  0.99998836 -0.00327827]
 [-0.00201718  0.00327114  0.99999262]]
id: 6 , current state: States.Forward_correct_lane
id: 7 , cur_t [[ 0.82543024]
 [-3.46316736]
 [ 5.78989507]]
id: 7 , cur_R [[ 0.99980329  0.01712503 -0.01000532]
 [-0.0170603   0.99983321  0.00651909]
 [ 0.01011529 -0.00634711  0.99992869]]
id: 7 , delta_t [[ 0.01583257]
 [-0.45128456]
 [ 0.89223964]]
id: 7 , delta_R [[ 9.99999264e-01  1.13306066e-03  4.33498061e-04]
 [-1.13311202e-03  9.99999351e-01  1.18239520e-04]
 [-4.33363807e-04 -1.18730634e-04  9.99999899e-01]]
id: 7 , current state: States.Forward_correct_lane
id: 8 , cur_t [[ 0.82637236]
 [-3.91173977]
 [ 6.68364107]]
id: 8 , cur_R [[ 0.99985985  0.014495   -0.00837734]
 [-0.0144426   0.99987596  0.0062826 ]
 [ 0.00846737 -0.00616073  0.99994517]]
id: 8 , delta_t [[ 0.01763521]
 [-0.45415416]
 [ 0.89074856]]
id: 8 , delta_R [[ 9.99995215e-01 -2.61993985e-03  1.64512594e-03]
 [ 2.62028925e-03  9.99996545e-01 -2.10265284e-04]
 [-1.64456937e-03  2.14574983e-04  9.99998625e-01]]
id: 8 , current state: States.Forward_correct_lane
id: 9 , cur_t [[ 0.77706043]
 [-4.33076451]
 [ 7.59027584]]
id: 9 , cur_R [[ 0.99983676  0.01465695 -0.01056517]
 [-0.01458615  0.99987085  0.00674784]
 [ 0.01066271 -0.00659263  0.99992142]]
id: 9 , delta_t [[-0.0355764 ]
 [-0.42527307]
 [ 0.9043656 ]]
id: 9 , delta_R [[ 9.99997593e-01  1.48518069e-04 -2.18890108e-03]
 [-1.47502689e-04  9.99999881e-01  4.64030746e-04]
 [ 2.18896974e-03 -4.63706761e-04  9.99997497e-01]]
id: 9 , current state: States.Forward_correct_lane
id: 10 , cur_t [[ 0.83034774]
 [-4.80630815]
 [ 8.46835254]]
id: 10 , cur_R [[ 0.99985828  0.01146013 -0.01233255]
 [-0.01137198  0.99990946  0.00719421]
 [ 0.01241388 -0.00705294  0.99989807]]
id: 10 , delta_t [[ 0.06957764]
 [-0.48049004]
 [ 0.87423582]]
id: 10 , delta_R [[ 9.99993328e-01 -3.20864560e-03 -1.74593975e-03]
 [ 3.20948877e-03  9.99994734e-01  4.80347205e-04]
 [ 1.74438929e-03 -4.85947574e-04  9.99998360e-01]]
id: 10 , current state: States.Forward_correct_lane
id: 11 , cur_t [[ 0.84618527]
 [-5.27339686]
 [ 9.35242116]]
id: 11 , cur_R [[ 0.99987143  0.01001924 -0.01251956]
 [-0.00994705  0.99993362  0.00581506]
 [ 0.01257699 -0.00568978  0.99990472]]
id: 11 , delta_t [[ 0.03212174]
 [-0.47310019]
 [ 0.88042285]]
id: 11 , delta_R [[ 9.99998944e-01 -1.44225382e-03 -1.76658960e-04]
 [ 1.44201198e-03  9.99998033e-01 -1.36149034e-03]
 [ 1.78622227e-04  1.36123416e-03  9.99999058e-01]]
id: 11 , current state: States.Forward_correct_lane
id: 12 , cur_t [[ 0.8610211 ]
 [-5.73432316]
 [10.23973556]]
id: 12 , cur_R [[ 0.99988146  0.00908794 -0.01242881]
 [-0.0089991   0.99993369  0.00718502]
 [ 0.01249328 -0.00707232  0.99989694]]
id: 12 , delta_t [[ 0.03057852]
 [-0.46579568]
 [ 0.8843638 ]]
id: 12 , delta_R [[ 9.99999562e-01 -9.30810950e-04  9.61674223e-05]
 [ 9.30677186e-04  9.99998612e-01  1.38175470e-03]
 [-9.74534412e-05 -1.38166460e-03  9.99999041e-01]]
id: 12 , current state: States.Forward_correct_lane
id: 13 , cur_t [[ 0.81352194]
 [-6.14927428]
 [11.14833855]]
id: 13 , cur_R [[ 0.99988013  0.00730212 -0.01365316]
 [-0.00720692  0.99994947  0.00700837]
 [ 0.01370365 -0.00690913  0.99988223]]
id: 13 , delta_t [[-0.0324079 ]
 [-0.42178121]
 [ 0.90611828]]
id: 13 , delta_R [[ 9.99997656e-01 -1.79449206e-03 -1.21161248e-03]
 [ 1.79430634e-03  9.99998378e-01 -1.54353644e-04]
 [ 1.21188750e-03  1.52179278e-04  9.99999254e-01]]
id: 13 , current state: States.Forward_correct_lane
id: 14 , cur_t [[ 0.79243768]
 [-6.57878464]
 [12.05115431]]
id: 14 , cur_R [[ 0.99987846  0.00334655 -0.01522707]
 [-0.00323684  0.99996867  0.00722401]
 [ 0.01525077 -0.00717384  0.99985796]]
id: 14 , delta_t [[-0.00561442]
 [-0.43588029]
 [ 0.89998714]]
id: 14 , delta_R [[ 9.99990938e-01 -3.96638717e-03 -1.54642151e-03]
 [ 3.96680912e-03  9.99992096e-01  2.69886121e-04]
 [ 1.54533882e-03 -2.76018034e-04  9.99998768e-01]]
id: 14 , current state: States.Forward_correct_lane
id: 15 , cur_t [[ 0.60433039]
 [-6.89993491]
 [12.97931279]]
id: 15 , cur_R [[ 0.99993555  0.00192107 -0.01118996]
 [-0.0018769   0.99999041  0.00395627]
 [ 0.01119745 -0.00393501  0.99992956]]
id: 15 , delta_t [[-0.17288979]
 [-0.32842818]
 [ 0.92857097]]
id: 15 , delta_R [[ 0.99999083 -0.00139646  0.00404763]
 [ 0.0014096   0.99999374 -0.00324669]
 [-0.00404308  0.00325237  0.99998654]]
id: 15 , current state: States.Forward_correct_lane
id: 16 , cur_t [[ 0.59746785]
 [-7.34532987]
 [13.87462069]]
id: 16 , cur_R [[ 0.99992209  0.00551915 -0.0111962 ]
 [-0.00546963  0.99997514  0.00444933]
 [ 0.01122047 -0.00438774  0.99992742]]
id: 16 , delta_t [[ 0.00399903]
 [-0.44892691]
 [ 0.89355953]]
id: 16 , delta_R [[ 9.99993527e-01  3.59805094e-03 -2.05431693e-05]
 [-3.59804127e-03  9.99993424e-01  4.52857950e-04]
 [ 2.21724402e-05 -4.52781104e-04  9.99999897e-01]]
id: 16 , current state: States.Forward_correct_lane
id: 17 , cur_t [[ 0.56919835]
 [-7.7755771 ]
 [14.77688902]]
id: 17 , cur_R [[ 0.99991964  0.00711624 -0.01049115]
 [-0.00706865  0.99996459  0.00456644]
 [ 0.01052328 -0.00449191  0.99993454]]
id: 17 , delta_t [[-0.01579013]
 [-0.43435149]
 [ 0.90060505]]
id: 17 , delta_R [[ 9.99998476e-01  1.60019712e-03  6.97956360e-04]
 [-1.60026675e-03  9.99998715e-01  9.92062544e-05]
 [-6.97796713e-04 -1.00323020e-04  9.99999752e-01]]
id: 17 , current state: States.Forward_correct_lane
id: 18 , cur_t [[ 0.55359023]
 [-8.21716709]
 [15.67397022]]
id: 18 , cur_R [[ 0.99990509  0.0096846  -0.00979866]
 [-0.00964693  0.99994592  0.00388401]
 [ 0.00983574 -0.00378911  0.99994445]]
id: 18 , delta_t [[-0.00304518]
 [-0.44571503]
 [ 0.89516973]]time=1640115739.3146532 Pos: [1.0925  0.      0.43875] angle 0
time=1640115739.4253588 Pos: [1.1325  0.      0.43875] angle 0
time=1640115739.5432172 Pos: [1.1725  0.      0.43875] angle 0
time=1640115739.662429 Pos: [1.2125  0.      0.43875] angle 0
time=1640115739.7891834 Pos: [1.2525  0.      0.43875] angle 0
time=1640115739.9157615 Pos: [1.2925  0.      0.43875] angle 0
time=1640115740.0337157 Pos: [1.3325  0.      0.43875] angle 0
time=1640115740.147485 Pos: [1.3725  0.      0.43875] angle 0
time=1640115740.2669353 Pos: [1.4125  0.      0.43875] angle 0
time=1640115740.3964345 Pos: [1.4525  0.      0.43875] angle 0
time=1640115740.5151827 Pos: [1.4925  0.      0.43875] angle 0
time=1640115740.6473112 Pos: [1.5325  0.      0.43875] angle 0
time=1640115740.7754297 Pos: [1.5725  0.      0.43875] angle 0
time=1640115740.900256 Pos: [1.6125  0.      0.43875] angle 0
time=1640115741.0216188 Pos: [1.6525  0.      0.43875] angle 0
time=1640115741.1490939 Pos: [1.6525  0.      0.43875] angle 0.046587467971115765
time=1640115741.2723615 Pos: [1.6525  0.      0.43875] angle 0.09317493594223153

id: 18 , delta_R [[ 9.99996462e-01  2.57153128e-03  6.80760658e-04]
 [-2.57104828e-03  9.99996443e-01 -7.09431505e-04]
 [-6.82582562e-04  7.07678727e-04  9.99999517e-01]]
id: 18 , current state: States.Forward_correct_lane
id: 19 , cur_t [[ 0.57429626]
 [-8.67609804]
 [16.56220084]]
id: 19 , cur_R [[ 0.99988914  0.01123467 -0.00977143]
 [-0.01120067  0.99993105  0.00352764]
 [ 0.00981039 -0.00341781  0.99994604]]
id: 19 , delta_t [[ 0.03386775]
 [-0.46207121]
 [ 0.8861959 ]]
id: 19 , delta_R [[ 9.99998798e-01  1.55025341e-03  2.11942960e-05]
 [-1.55024543e-03  9.99998729e-01 -3.71572470e-04]
 [-2.17703006e-05  3.71539167e-04  9.99999931e-01]]
id: 19 , current state: States.Forward_correct_lane
id: 20 , cur_t [[ 0.54596438]
 [-9.10551149]
 [17.46486434]]
id: 20 , cur_R [[ 0.99994638  0.00500559 -0.00906514]
 [-0.00496236  0.99997624  0.00478523]
 [ 0.00908888 -0.00473999  0.99994746]]
id: 20 , delta_t [[-0.01466354]
 [-0.43278727]
 [ 0.90137681]]
id: 20 , delta_R [[ 9.99980348e-01 -6.22680615e-03  7.28106164e-04]
 [ 6.22584235e-03  9.99979750e-01  1.31856040e-03]
 [-7.36301840e-04 -1.31400141e-03  9.99998866e-01]]
id: 20 , current state: States.Forward_correct_lane
id: 21 , cur_t [[ 0.49869739]
 [-9.52769882]
 [18.37013982]]
id: 21 , cur_R [[ 0.99996804  0.00473432 -0.00644266]
 [-0.00471537  0.99998452  0.00295278]
 [ 0.00645654 -0.0029223   0.99997489]]
id: 21 , delta_t [[-0.03694148]
 [-0.42670489]
 [ 0.90363614]]
id: 21 , delta_R [[ 9.99996524e-01 -2.58819575e-04  2.62382774e-03]
 [ 2.63622036e-04  9.99998291e-01 -1.83014582e-03]
 [-2.62334958e-03  1.83083116e-03  9.99994883e-01]]
id: 21 , current state: States.Forward_correct_lane
id: 22 , cur_t [[  0.7039079 ]
 [-10.08257514]
 [ 19.17636616]]
id: 22 , cur_R [[ 0.99995925  0.00335788 -0.00838002]
 [-0.00332469  0.99998659  0.00397136]
 [ 0.00839325 -0.00394333  0.999957  ]]
id: 22 , delta_t [[ 0.21302583]
 [-0.55625224]
 [ 0.80324556]]
id: 22 , delta_R [[ 0.99999718 -0.0013821  -0.00193335]
 [ 0.00138409  0.99999851  0.00102753]
 [ 0.00193193 -0.0010302   0.9999976 ]]
id: 22 , current state: States.Forward_correct_lane
id: 23 , cur_t [[  0.7120538 ]
 [-10.53444505]
 [ 20.06841281]]
id: 23 , cur_R [[ 0.99995863  0.00369014 -0.00831398]
 [-0.00365631  0.99998499  0.00408041]
 [ 0.00832891 -0.00404985  0.99995711]]
id: 23 , delta_t [[ 0.01713505]
 [-0.45535414]
 [ 0.89014549]]
id: 23 , delta_R [[ 9.99999943e-01  3.32522257e-04  6.47272572e-05]
 [-3.32529135e-04  9.99999939e-01  1.06275445e-04]
 [-6.46919143e-05 -1.06296962e-04  9.99999992e-01]]
id: 23 , current state: States.Forward_correct_lane
id: 24 , cur_t [[  0.77684275]
 [-11.01752191]
 [ 20.94159043]]
id: 24 , cur_R [[ 0.9999537   0.0029836  -0.00914801]
 [-0.00293477  0.9999814   0.005346  ]
 [ 0.0091638  -0.00531891  0.99994387]]
id: 24 , delta_t [[ 0.07382517]
 [-0.48636676]
 [ 0.87063036]]
id: 24 , delta_R [[ 9.99999403e-01 -7.09916914e-04 -8.31180967e-04]
 [ 7.10973479e-04  9.99998939e-01  1.27155646e-03]
 [ 8.30277385e-04 -1.27214664e-03  9.99998846e-01]]
id: 24 , current state: States.Forward_correct_lane
id: 25 , cur_t [[  0.8099439 ]
 [-11.47538089]
 [ 21.82999881]]
id: 25 , cur_R [[ 0.99994591  0.00443706 -0.00940662]
 [-0.00439193  0.99997877  0.00481254]
 [ 0.00942778 -0.00477097  0.99994418]]
id: 25 , delta_t [[ 0.04258452]
 [-0.46247707]
 [ 0.88560799]]
id: 25 , delta_R [[ 9.99998910e-01  1.45207758e-03 -2.66396741e-04]
 [-1.45222308e-03  9.99998796e-01 -5.46769983e-04]
 [ 2.65602468e-04  5.47156255e-04  9.99999815e-01]]
id: 25 , current state: States.Forward_correct_lane
id: 26 , cur_t [[  0.84388881]
 [-11.92837401]
 [ 22.72086635]]
id: 26 , cur_R [[ 0.99994408  0.00499032 -0.00932397]
 [-0.00494428  0.99997551  0.0049538 ]
 [ 0.00934846 -0.00490742  0.99994426]]
id: 26 , delta_t [[ 0.04433148]
 [-0.45708319]
 [ 0.88831845]]
id: 26 , delta_R [[ 9.99999844e-01  5.53651228e-04  7.99922084e-05]
 [-5.53662108e-04  9.99999837e-01  1.36055885e-04]
 [-7.99168678e-05 -1.36100152e-04  9.99999988e-01]]
id: 26 , current state: States.Forward_correct_lane
id: 27 , cur_t [[  0.84163672]
 [-12.38453889]
 [ 23.61075878]]
id: 27 , cur_R [[ 0.9999485   0.00315727 -0.0096448 ]
 [-0.00310976  0.99998298  0.0049366 ]
 [ 0.00966023 -0.00490636  0.9999413 ]]
id: 27 , delta_t [[ 0.00832257]
 [-0.46053202]
 [ 0.88760408]]
id: 27 , delta_R [[ 9.99998268e-01 -1.83461303e-03 -3.11778255e-04]
 [ 1.83461309e-03  9.99998317e-01 -7.91226262e-08]
 [ 3.11777875e-04 -4.92869979e-07  9.99999951e-01]]
id: 27 , current state: States.Forward_correct_lane
id: 28 , cur_t [[  0.92143847]
 [-12.86593518]
 [ 24.48362148]]
id: 28 , cur_R [[ 0.99994469 -0.00104174 -0.01046595]
 [ 0.001082    0.99999204  0.00384097]
 [ 0.01046187 -0.00385208  0.99993785]]
id: 28 , delta_t [[ 0.08972672]
 [-0.48541872]
 [ 0.86966533]]
id: 28 , delta_R [[ 9.99990847e-01 -4.20298491e-03 -8.00533288e-04]
 [ 4.20213927e-03  9.99990614e-01 -1.05512263e-03]
 [ 8.04960439e-04  1.05174902e-03  9.99999123e-01]]
id: 28 , current state: States.Forward_correct_lane
id: 29 , cur_t [[  1.1658491 ]
 [-13.44095646]
 [ 25.26439928]]
id: 29 , cur_R [[ 9.99980354e-01  2.50771996e-04 -6.26329838e-03]
 [-2.48516626e-04  9.99999904e-01  3.60868778e-04]
 [ 6.26338827e-03 -3.59305155e-04  9.99980320e-01]]
id: 29 , delta_t [[ 0.25194333]
 [-0.57827893]
 [ 0.77596265]]
id: 29 , delta_R [[ 0.99999033  0.00130869  0.00419778]
 [-0.00129402  0.99999306 -0.00349383]
 [-0.00420233  0.00348837  0.99998509]]
id: 29 , current state: States.Forward_correct_lane
id: 30 , cur_t [[  1.26019679]
 [-13.91299839]
 [ 26.14091222]]
id: 30 , cur_R [[ 0.99996474  0.00405844 -0.00735171]
 [-0.00406594  0.99999123 -0.00100487]
 [ 0.00734757  0.00103473  0.99997247]]
id: 30 , delta_t [[ 0.09995309]
 [-0.47233316]
 [ 0.87573442]]
id: 30 , delta_R [[ 0.99999216  0.00380728 -0.00108986]
 [-0.00380879  0.99999178 -0.00138962]
 [ 0.00108456  0.00139376  0.99999844]]
id: 30 , current state: States.Forward_correct_lane
id: 31 , cur_t [[  1.24054071]
 [-14.34639261]
 [ 27.04190228]]
id: 31 , cur_R [[ 9.99970115e-01  4.20914612e-03 -6.48469425e-03]
 [-4.21513428e-03  9.99990702e-01 -9.10039653e-04]
 [ 6.48080347e-03  9.37346314e-04  9.99978560e-01]]
id: 31 , delta_t [[-0.01127315]
 [-0.43253791]
 [ 0.90154527]]
id: 31 , delta_R [[ 9.99999613e-01  1.49810008e-04  8.67188928e-04]
 [-1.49891346e-04  9.99999984e-01  9.37314950e-05]
 [-8.67174872e-04 -9.38614428e-05  9.99999620e-01]]
id: 31 , current state: States.Forward_correct_lane
id: 32 , cur_t [[  1.24372015]
 [-14.79598068]
 [ 27.93513263]]
id: 32 , cur_R [[ 0.99996631  0.00441447 -0.00692023]
 [-0.00442276  0.99998952 -0.00118375]
 [ 0.00691493  0.00121432  0.99997535]]
id: 32 , delta_t [[ 0.01086328]
 [-0.44873325]
 [ 0.89359972]]
id: 32 , delta_R [[ 9.99999884e-01  2.05733571e-04 -4.35354397e-04]
 [-2.05853328e-04  9.99999941e-01 -2.75052657e-04]
 [ 4.35297784e-04  2.75142244e-04  9.99999867e-01]]
id: 32 , current state: States.Forward_correct_lane
id: 33 , cur_t [[  1.23095455]
 [-15.24066452]
 [ 28.83072926]]
id: 33 , cur_R [[ 0.99996056  0.00190336 -0.00867452]
 [-0.001917    0.99999694 -0.00156467]
 [ 0.00867151  0.00158124  0.99996115]]
id: 33 , delta_t [[-0.00460545]
 [-0.44364799]
 [ 0.89618929]]
id: 33 , delta_R [[ 9.99995308e-01 -2.50897889e-03 -1.75733612e-03]
 [ 2.50834368e-03  9.99996788e-01 -3.63574584e-04]
 [ 1.75824268e-03  3.59164876e-04  9.99998390e-01]]
id: 33 , current state: States.Forward_correct_lane
id: 34 , cur_t [[  1.00731672]
 [-15.5468104 ]
 [ 29.75607288]]
id: 34 , cur_R [[ 9.94658532e-01  2.92264686e-02 -9.89960488e-02]
 [-2.93595846e-02  9.99568908e-01  1.12205763e-04]
 [ 9.89566518e-02  2.79487645e-03  9.95087820e-01]]
id: 34 , delta_t [[-0.215018  ]
 [-0.30510741]
 [ 0.92772665]]
id: 34 , delta_R [[ 0.99553368  0.02747451 -0.0903208 ]
 [-0.02745686  0.99962195  0.00143817]
 [ 0.09032616  0.00104818  0.99591169]]
id: 34 , current state: States.Change_lane_to_oncoming
id: 35 , cur_t [[  1.22490436]
 [-16.08409306]
 [ 30.57092438]]
id: 35 , cur_R [[ 0.97913894  0.05132915 -0.19660177]
 [-0.05091859  0.99867724  0.00714584]
 [ 0.1967085   0.00301391  0.98045738]]
id: 35 , delta_t [[ 0.31283477]
 [-0.52841432]
 [ 0.7892482 ]]
id: 35 , delta_R [[ 0.99487187  0.02253785 -0.09860025]
 [-0.02216621  0.99974247  0.00486318]
 [ 0.09868447 -0.00265265  0.99511524]]time=1640115741.3849108 Pos: [1.6525  0.      0.43875] angle 0.1397624039133473
time=1640115741.5028691 Pos: [1.6525  0.      0.43875] angle 0.18634987188446306
time=1640115741.6205447 Pos: [1.6525  0.      0.43875] angle 0.23293733985557882
time=1640115741.7815907 Pos: [1.6525  0.      0.43875] angle 0.2795248078266946
time=1640115741.9301186 Pos: [1.69094747 0.         0.42771404] angle 0.2795248078266946
time=1640115742.1570823 Pos: [1.72939493 0.         0.41667809] angle 0.2795248078266946
time=1640115742.3093586 Pos: [1.7678424  0.         0.40564213] angle 0.2795248078266946
time=1640115742.4922283 Pos: [1.80628986 0.         0.39460617] angle 0.2795248078266946
time=1640115742.6595304 Pos: [1.84473733 0.         0.38357021] angle 0.2795248078266946
time=1640115742.9097538 Pos: [1.8831848  0.         0.37253426] angle 0.2795248078266946
time=1640115743.1829054 Pos: [1.92163226 0.         0.3614983 ] angle 0.2795248078266946
time=1640115743.4444742 Pos: [1.96007973 0.         0.35046234] angle 0.2795248078266946
time=1640115743.6367462 Pos: [1.99852719 0.         0.33942638] angle 0.2795248078266946
time=1640115743.881495 Pos: [2.03697466 0.         0.32839043] angle 0.2795248078266946
time=1640115744.0998745 Pos: [2.07542213 0.         0.31735447] angle 0.2795248078266946
time=1640115744.369133 Pos: [2.11386959 0.         0.30631851] angle 0.2795248078266946
time=1640115744.6009128 Pos: [2.15231706 0.         0.29528256] angle 0.2795248078266946
time=1640115744.858237 Pos: [2.19076453 0.         0.2842466 ] angle 0.2795248078266946
time=1640115745.2283044 Pos: [2.22921199 0.         0.27321064] angle 0.2795248078266946

id: 35 , current state: States.Change_lane_to_oncoming
id: 36 , cur_t [[  0.38532349]
 [-15.7662039 ]
 [ 31.01143595]]
id: 36 , cur_R [[ 0.96596324  0.05895972 -0.25187053]
 [-0.06484921  0.99778023 -0.01513917]
 [ 0.25041883  0.03095749  0.96764252]]
id: 36 , delta_t [[-0.75160042]
 [ 0.27570136]
 [ 0.59923749]]
id: 36 , delta_R [[ 0.99835677  0.00789642 -0.05675744]
 [-0.00930479  0.99965426 -0.02459248]
 [ 0.05654362  0.02508018  0.99808507]]
id: 36 , current state: States.Change_lane_to_oncoming
id: 37 , cur_t [[ -0.51136913]
 [-15.3868874 ]
 [ 31.23960548]]
id: 37 , cur_R [[ 0.94558714  0.06756291 -0.31827694]
 [-0.08055287  0.99636219 -0.02781423]
 [ 0.3152399   0.0519389   0.94758966]]
id: 37 , delta_t [[-0.83363254]
 [ 0.33266932]
 [ 0.44089444]]
id: 37 , delta_R [[ 0.99755049  0.0109108  -0.0690939 ]
 [-0.01206028  0.99979536 -0.01624132]
 [ 0.06890255  0.01703483  0.99747795]]
id: 37 , current state: States.Change_lane_to_oncoming
id: 38 , cur_t [[ -0.40095389]
 [-15.01415433]
 [ 30.31825943]]
id: 38 , cur_R [[ 0.91308153  0.07158916 -0.40144378]
 [-0.09257411  0.99515568 -0.03309394]
 [ 0.39712989  0.06738077  0.91528557]]
id: 38 , delta_t [[-0.21606251]
 [ 0.3309834 ]
 [-0.91856789]]
id: 38 , delta_R [[ 0.99600523  0.00894324 -0.08884598]
 [-0.00976824  0.99991308 -0.00885524]
 [ 0.08875907  0.00968773  0.99600601]]
id: 38 , current state: States.Change_lane_to_oncoming
id: 39 , cur_t [[  0.43091009]
 [-15.37275455]
 [ 29.89469336]]
id: 39 , cur_R [[ 0.85982352  0.07387265 -0.5052191 ]
 [-0.09776475  0.99499012 -0.02089761]
 [ 0.50114425  0.06736087  0.86273805]]
id: 39 , delta_t [[ 0.62454598]
 [-0.32585081]
 [-0.70976304]]
id: 39 , delta_R [[ 0.99319453  0.01063708 -0.11598053]
 [-0.00964747  0.99991214  0.00909061]
 [ 0.11606704 -0.00790983  0.99320989]]
id: 39 , current state: States.Change_lane_to_oncoming
id: 40 , cur_t [[  0.84653254]
 [-16.00170412]
 [ 30.55171727]]
id: 40 , cur_R [[ 0.79676918  0.02176048 -0.60389184]
 [-0.03524231  0.99932375 -0.010489  ]
 [ 0.60325521  0.02963986  0.79699726]]
id: 40 , delta_t [[ 0.74811481]
 [-0.55083777]
 [ 0.37000267]]
id: 40 , delta_R [[ 0.99178608 -0.04362459 -0.12023837]
 [ 0.04881978  0.99798191  0.04060458]
 [ 0.11822436 -0.04614107  0.99191431]]
id: 40 , current state: States.Change_lane_to_oncoming
id: 41 , cur_t [[  0.76360587]
 [-16.42584867]
 [ 31.45350692]]
id: 41 , cur_R [[ 0.77764083 -0.02122122 -0.62835054]
 [-0.01361106  0.99862769 -0.05057147]
 [ 0.62856144  0.04787896  0.77628482]]
id: 41 , delta_t [[ 0.49288373]
 [-0.39893334]
 [ 0.77325146]]
id: 41 , delta_R [[ 0.99859423 -0.04202195 -0.03230677]
 [ 0.04142544  0.9989625  -0.01891709]
 [ 0.03306818  0.01755217  0.99929896]]
id: 41 , current state: States.Change_lane_to_oncoming
id: 42 , cur_t [[  0.7858509 ]
 [-16.9387528 ]
 [ 32.31166454]]
id: 42 , cur_R [[ 0.74832591 -0.07292204 -0.65931079]
 [ 0.01678626  0.9957025  -0.0910755 ]
 [ 0.66311881  0.05708679  0.74633407]]
id: 42 , delta_t [[ 0.5636846 ]
 [-0.47158464]
 [ 0.67813538]]
id: 42 , delta_R [[ 0.99775456 -0.04966516 -0.04493558]
 [ 0.04915101  0.99871343 -0.01247613]
 [ 0.04549739  0.01023949  0.99891198]]
id: 42 , current state: States.Change_lane_to_oncoming
id: 43 , cur_t [[  0.77636144]
 [-17.45585432]
 [ 33.16753601]]
id: 43 , cur_R [[ 0.71856216 -0.13282616 -0.6826607 ]
 [ 0.04416889  0.98832641 -0.14580817]
 [ 0.69405874  0.07461987  0.71604074]]
id: 43 , delta_t [[ 0.55176306]
 [-0.46532833]
 [ 0.69211782]]
id: 43 , delta_R [[ 0.9974902  -0.0580197  -0.04058348]
 [ 0.05711485  0.99810006 -0.023112  ]
 [ 0.04184732  0.02073607  0.99890881]]
id: 43 , current state: States.Change_lane_to_oncoming
id: 44 , cur_t [[  0.26412087]
 [-18.03290617]
 [ 33.80363409]]
id: 44 , cur_R [[ 0.71957272 -0.13153933 -0.68184493]
 [ 0.04412031  0.98857171 -0.1441505 ]
 [ 0.69301407  0.07364355  0.71715279]]
id: 44 , delta_t [[ 0.047925  ]
 [-0.45481107]
 [ 0.88929752]]
id: 44 , delta_R [[ 0.99999833  0.0011975   0.00138154]
 [-0.00119912  0.99999859  0.00117155]
 [-0.00138013 -0.0011732   0.99999836]]
id: 44 , current state: States.Change_lane_to_oncoming
id: 45 , cur_t [[  0.23929289]
 [-18.58142598]
 [ 34.63940295]]
id: 45 , cur_R [[ 0.68733321 -0.19524054 -0.69961003]
 [ 0.06722079  0.97616089 -0.20637654]
 [ 0.72322502  0.09482111  0.68407202]]
id: 45 , delta_t [[ 0.53713317]
 [-0.47743633]
 [ 0.69537221]]
id: 45 , delta_R [[ 0.99729359 -0.06183479 -0.0397739 ]
 [ 0.0606835   0.99772013 -0.0295306 ]
 [ 0.04150924  0.02703706  0.99877224]]
id: 45 , current state: States.Change_lane_to_oncoming
id: 46 , cur_t [[ -0.57632789]
 [-18.33569593]
 [ 35.1632154 ]]
id: 46 , cur_R [[ 0.73000596 -0.21511147 -0.64870513]
 [-0.02677993  0.93944317 -0.34165679]
 [ 0.6829159   0.26678377  0.68003845]]
id: 46 , delta_t [[-0.16525081]
 [ 0.44878279]
 [ 0.878229  ]]
id: 46 , delta_R [[ 0.99759644 -0.02703431  0.06380043]
 [ 0.03720239  0.98575746 -0.16400672]
 [-0.05845794  0.16598605  0.98439388]]
id: 46 , current state: States.Change_lane_to_oncoming
id: 47 , cur_t [[ -0.63651447]
 [-18.98310202]
 [ 35.92298045]]
id: 47 , cur_R [[ 0.70879944 -0.28440607 -0.64553585]
 [-0.01498716  0.90884332 -0.41686833]
 [ 0.70525083  0.30515079  0.6399252 ]]
id: 47 , delta_t [[ 0.49225656]
 [-0.39256143]
 [ 0.77690347]]
id: 47 , delta_R [[ 0.99736925 -0.06561324 -0.03081371]
 [ 0.06398128  0.9966339  -0.05125682]
 [ 0.03407311  0.04915047  0.99821002]]
id: 47 , current state: States.Change_lane_to_oncoming
id: 48 , cur_t [[ -0.67593644]
 [-19.66689281]
 [ 36.65159288]]
id: 48 , cur_R [[ 0.68297461 -0.36474142 -0.6328581 ]
 [-0.00193489  0.86549775 -0.50090907]
 [ 0.73043955  0.34333269  0.59040725]]
id: 48 , delta_t [[ 0.49616034]
 [-0.38791018]
 [ 0.77675647]]
id: 48 , delta_R [[ 0.99635929 -0.07791016 -0.03461457]
 [ 0.07583049  0.99544398 -0.0578016 ]
 [ 0.03896019  0.05496632  0.99772782]]
id: 48 , current state: States.Change_lane_to_oncoming
id: 49 , cur_t [[ -0.68774361]
 [-20.39713331]
 [ 37.33468102]]
id: 49 , cur_R [[ 0.65568601 -0.43719587 -0.61557747]
 [ 0.00526196  0.81792422 -0.5753019 ]
 [ 0.75501534  0.37397827  0.53860198]]
id: 49 , delta_t [[ 0.49230354]
 [-0.39318845]
 [ 0.77655655]]
id: 49 , delta_R [[ 0.99685353 -0.07131239 -0.03460604]
 [ 0.06934742  0.99607534 -0.05499875]
 [ 0.03839231  0.05242586  0.99788655]]
id: 49 , current state: States.Change_lane_to_oncoming
id: 50 , cur_t [[ -0.60609699]
 [-21.17603372]
 [ 37.95649126]]
id: 50 , cur_R [[ 0.6248735  -0.51449209 -0.58722313]
 [ 0.00948767  0.75709872 -0.6532316 ]
 [ 0.78066836  0.40261573  0.47797225]]
id: 50 , delta_t [[ 0.51891227]
 [-0.44023357]
 [ 0.7327513 ]]
id: 50 , delta_R [[ 0.99613596 -0.07969689 -0.03689932]
 [ 0.07733516  0.99510468 -0.06153003]
 [ 0.04162244  0.05843866  0.99742293]]
id: 50 , current state: States.Change_lane_to_oncoming
id: 51 , cur_t [[ -0.55215232]
 [-21.97183424]
 [ 38.55964258]]
id: 51 , cur_R [[ 0.59033437 -0.58993349 -0.55089365]
 [ 0.02357692  0.69482129 -0.71879587]
 [ 0.80681439  0.41134153  0.4240857 ]]
id: 51 , delta_t [[ 0.49701945]
 [-0.38741544]
 [ 0.77645408]]
id: 51 , delta_R [[ 0.99589791 -0.08117585 -0.03997302]
 [ 0.0793461   0.99581217 -0.04541274]
 [ 0.04349204  0.04205475  0.99816824]]
id: 51 , current state: States.Change_lane_to_oncoming
id: 52 , cur_t [[ -0.13677289]
 [-22.86378843]
 [ 38.73818565]]
id: 52 , cur_R [[ 0.55230225 -0.67383322 -0.49082687]
 [ 0.0767733   0.62738363 -0.77491654]
 [ 0.83010125  0.39030575  0.39823779]]
id: 52 , delta_t [[ 0.36823435]
 [-0.79135283]
 [ 0.48802066]]
id: 52 , delta_R [[ 0.99395319 -0.10236775 -0.03972284]
 [ 0.10210391  0.99473639 -0.00862028]
 [ 0.04039619  0.0045123   0.99917355]]
id: 52 , current state: States.Change_lane_to_oncoming
id: 53 , cur_t [[ -0.87503023]
 [-22.63292306]
 [ 39.37196579]]
id: 53 , cur_R [[ 0.52907815 -0.67472486 -0.51460925]
 [-0.10761114  0.5481957  -0.82939817]
 [ 0.84172213  0.49419414  0.21743046]]
id: 53 , delta_t [[0.13608479]
 [0.88967151]
 [0.43585035]]
id: 53 , delta_R [[ 0.99944712  0.01608697 -0.02909741]
 [-0.02173544  0.9783817  -0.2056619 ]
 [ 0.0251599   0.20618064  0.97819043]]
id: 53 , current state: States.Change_lane_to_oncoming
id: 54 , cur_t [[ -1.38743295]
 [-21.80355911]
 [ 39.59467389]]time=1640115745.5699675 Pos: [2.26765946 0.         0.26217468] angle 0.2795248078266946
time=1640115746.0429015 Pos: [2.30610692 0.         0.25113873] angle 0.2795248078266946
time=1640115746.343898 Pos: [2.34455439 0.         0.24010277] angle 0.2795248078266946
time=1640115746.8091195 Pos: [2.38300186 0.         0.22906681] angle 0.2795248078266946
time=1640115747.257925 Pos: [2.42144932 0.         0.21803085] angle 0.2795248078266946
time=1640115747.480219 Pos: [2.42144932 0.         0.21803085] angle 0.23293733985557882
time=1640115747.6332424 Pos: [2.42144932 0.         0.21803085] angle 0.18634987188446306
time=1640115747.7708902 Pos: [2.42144932 0.         0.21803085] angle 0.1397624039133473
time=1640115747.898289 Pos: [2.42144932 0.         0.21803085] angle 0.09317493594223153
time=1640115748.034198 Pos: [2.42144932 0.         0.21803085] angle 0.046587467971115765
time=1640115748.170206 Pos: [2.42144932 0.         0.21803085] angle 0.0
time=1640115748.3074818 Pos: [2.42144932 0.         0.21803085] angle -0.046587467971115765
time=1640115748.4198253 Pos: [2.42144932 0.         0.21803085] angle -0.09317493594223153
time=1640115748.5329294 Pos: [2.42144932 0.         0.21803085] angle -0.1397624039133473
time=1640115748.6511226 Pos: [2.42144932 0.         0.21803085] angle -0.18634987188446306
time=1640115748.7785525 Pos: [2.42144932 0.         0.21803085] angle -0.23293733985557882
time=1640115748.916313 Pos: [2.42144932 0.         0.21803085] angle -0.2795248078266946
time=1640115749.0524774 Pos: [2.42144932 0.         0.21803085] angle -0.3261122757978103

id: 54 , cur_R [[ 0.50538143 -0.71838138 -0.47803537]
 [-0.12307396  0.48831566 -0.8639448 ]
 [ 0.85407401  0.49545536  0.15837162]]
id: 54 , delta_t [[-0.17289154]
 [ 0.91044563]
 [-0.37576224]]
id: 54 , delta_R [[ 0.99809746 -0.05171659 -0.03356858]
 [ 0.04999953  0.99749091 -0.05011926]
 [ 0.03607635  0.04834549  0.99817895]]
id: 54 , current state: States.Change_lane_to_oncoming
id: 55 , cur_t [[ -1.58521301]
 [-20.87384797]
 [ 39.28399681]]
id: 55 , cur_R [[ 0.48058368 -0.76085901 -0.43604231]
 [-0.14365459  0.42220618 -0.89504486]
 [ 0.8651027   0.49278343  0.09360451]]
id: 55 , delta_t [[-0.47971882]
 [ 0.4421474 ]
 [-0.75787567]]
id: 55 , delta_R [[ 0.99790865 -0.05397023 -0.03557437]
 [ 0.05195769  0.99711938 -0.05525704]
 [ 0.03845413  0.05329312  0.99783823]]
id: 55 , current state: States.Change_lane_to_oncoming
id: 56 , cur_t [[ -2.18488999]
 [-20.44609321]
 [ 39.96032024]]
id: 56 , cur_R [[ 0.4597424  -0.79447059 -0.396804  ]
 [-0.1582261   0.36639419 -0.91690774]
 [ 0.87384291  0.48432611  0.04274096]]
id: 56 , delta_t [[ 0.23544532]
 [ 0.97015132]
 [-0.05806824]]
id: 56 , delta_R [[ 0.99844813 -0.04631712 -0.0309202 ]
 [ 0.04499536  0.99809735 -0.04215554]
 [ 0.03281389  0.04069886  0.99863249]]
id: 56 , current state: States.Change_lane_to_oncoming
id: 57 , cur_t [[ -1.94624296]
 [-21.37761358]
 [ 40.23476039]]
id: 57 , cur_R [[ 0.44416837 -0.82789531 -0.34249644]
 [-0.16374549  0.30082391 -0.93951711]
 [ 0.88085292  0.47338603 -0.00194766]]
id: 57 , delta_t [[ 0.49692457]
 [-0.39798317]
 [ 0.77115197]]
id: 57 , delta_R [[ 0.99784546 -0.05957742 -0.02747656]
 [ 0.05852765  0.99757945 -0.03754682]
 [ 0.029647    0.03585779  0.99891705]]
id: 57 , current state: States.Change_lane_to_oncoming
id: 58 , cur_t [[ -1.41924488]
 [-21.67990734]
 [ 39.4404736 ]]
id: 58 , cur_R [[ 0.43683965 -0.85108274 -0.29125467]
 [-0.15876953  0.24574957 -0.95624232]
 [ 0.88541705  0.46396693 -0.02777285]]
id: 58 , delta_t [[-0.41607472]
 [-0.9032407 ]
 [ 0.1050622 ]]
id: 58 , delta_R [[ 0.99839146 -0.05391781 -0.01753193]
 [ 0.05353427  0.99833116 -0.02165576]
 [ 0.0186703   0.02068236  0.99961175]]
id: 58 , current state: States.Change_lane_to_oncoming
id: 59 , cur_t [[ -1.10338141]
 [-22.59328181]
 [ 39.69733417]]
id: 59 , cur_R [[ 0.42461002 -0.86616812 -0.26355099]
 [-0.16205455  0.2136843  -0.96336771]
 [ 0.8907551   0.45176522 -0.04963399]]
id: 59 , delta_t [[ 0.51042645]
 [-0.37411252]
 [ 0.77427686]]
id: 59 , delta_R [[ 0.99942769 -0.02825697 -0.01859685]
 [ 0.02793048  0.99945513 -0.01758795]
 [ 0.0190837   0.01705846  0.99967236]]
id: 59 , current state: States.Change_lane_to_oncoming
id: 60 , cur_t [[ -0.77894913]
 [-23.49620887]
 [ 39.97923205]]
id: 60 , cur_R [[ 0.49070259 -0.83307225 -0.25534604]
 [-0.14726397  0.20954529 -0.9666458 ]
 [ 0.85879235  0.51193886 -0.01985711]]
id: 60 , delta_t [[ 0.53518261]
 [-0.34660257]
 [ 0.77035461]]
id: 60 , delta_R [[ 0.99723456 -0.01154291  0.07341661]
 [ 0.01072924  0.99987668  0.01146763]
 [-0.07353992 -0.01064821  0.99723543]]
id: 60 , current state: States.Change_lane_to_oncoming
id: 61 , cur_t [[ -0.42338731]
 [-24.41984055]
 [ 40.12234149]]
id: 61 , cur_R [[ 0.55988386 -0.79523819 -0.23265054]
 [-0.12519205  0.19636983 -0.97250493]
 [ 0.81905861  0.57361582  0.0103868 ]]
id: 61 , delta_t [[ 0.43339407]
 [-0.41648808]
 [ 0.79919163]]
id: 61 , delta_R [[ 0.99663372 -0.02419847  0.07833041]
 [ 0.02330297  0.99965245  0.01232652]
 [-0.07860147 -0.01045969  0.99685124]]
id: 61 , current state: States.Change_lane_to_oncoming
id: 62 , cur_t [[ -0.05026023]
 [-25.34750855]
 [ 40.10790981]]
id: 62 , cur_R [[ 0.62891309 -0.7483704  -0.21073695]
 [-0.10525531  0.18660197 -0.97678095]
 [ 0.77031788  0.63649151  0.03858646]]
id: 62 , delta_t [[ 0.31322409]
 [-0.48716915]
 [ 0.81520359]]
id: 62 , delta_R [[ 0.99627909 -0.02074956  0.0836507 ]
 [ 0.01992485  0.99974442  0.01068194]
 [-0.08385097 -0.00897547  0.99643788]]
id: 62 , current state: States.Change_lane_to_oncoming
id: 63 , cur_t [[  0.27461103]
 [-26.29324992]
 [ 40.11356027]]
id: 63 , cur_R [[ 0.69310438 -0.69372323 -0.19584281]
 [-0.09464     0.18176017 -0.97877807]
 [ 0.7145975   0.69692993  0.06032481]]
id: 63 , delta_t [[ 0.30821274]
 [-0.41600477]
 [ 0.85553781]]
id: 63 , delta_R [[ 0.99633566 -0.01110751  0.08480487]
 [ 0.01072044  0.99992994  0.00501834]
 [-0.08485467 -0.0040908   0.99638494]]
id: 63 , current state: States.Change_lane_to_oncoming
id: 64 , cur_t [[  0.55588758]
 [-27.24698643]
 [ 40.00739919]]
id: 64 , cur_R [[ 0.75585794 -0.63012953 -0.17780763]
 [-0.08239697  0.17786444 -0.9805993 ]
 [ 0.64953023  0.75584457  0.08251949]]
id: 64 , delta_t [[ 0.20935319]
 [-0.44246622]
 [ 0.87200624]]
id: 64 , delta_R [[ 0.99584628 -0.01203263  0.09025186]
 [ 0.01154493  0.99991581  0.00592392]
 [-0.09031554 -0.00485736  0.99590136]]
id: 64 , current state: States.Change_lane_to_oncoming
id: 65 , cur_t [[  0.66475904]
 [-28.11151019]
 [ 40.49805759]]
id: 65 , cur_R [[ 0.81241789 -0.55980649 -0.16307624]
 [-0.07919437  0.1711506  -0.98205688]
 [ 0.57767242  0.8107553   0.09471228]]
id: 65 , delta_t [[0.47222296]
 [0.14849033]
 [0.8688821 ]]
id: 65 , delta_R [[ 0.99581931 -0.006598    0.09110631]
 [ 0.00691047  0.99997127 -0.00311472]
 [-0.09108314  0.00373128  0.9958363 ]]
id: 65 , current state: States.Change_lane_to_oncoming
id: 66 , cur_t [[  0.7186725 ]
 [-28.44669603]
 [ 41.43866579]]
id: 66 , cur_R [[ 0.84878763 -0.50204498 -0.16586257]
 [-0.1112457   0.137105   -0.9842899 ]
 [ 0.51689839  0.85390459  0.06052268]]
id: 66 , delta_t [[0.6137085 ]
 [0.67505473]
 [0.40946671]]
id: 66 , delta_R [[ 0.99766654  0.00974198  0.06757635]
 [-0.00661597  0.99890431 -0.04632931]
 [-0.06795365  0.04577412  0.99663786]]
id: 66 , current state: States.Change_lane_to_oncoming
id: 67 , cur_t [[  1.66306569]
 [-28.49677074]
 [ 41.7636489 ]]
id: 67 , cur_R [[ 0.85655068 -0.4913923  -0.15765322]
 [-0.09501122  0.1501113  -0.98409322]
 [ 0.50724136  0.85790454  0.08189016]]
id: 67 , delta_t [[ 0.9751431 ]
 [-0.20348879]
 [-0.0876826 ]]
id: 67 , delta_R [[ 0.99987943 -0.00748345  0.01360594]
 [ 0.00721726  0.99978362  0.01950963]
 [-0.01374899 -0.01940908  0.99971709]]
id: 67 , current state: States.Change_lane_to_oncoming
id: 68 , cur_t [[  1.56635771]
 [-29.29626035]
 [ 42.35649283]]
id: 68 , cur_R [[ 0.90142046 -0.40304165 -0.15810938]
 [-0.10953304  0.14101088 -0.9839301 ]
 [ 0.41885996  0.90425293  0.08296371]]
id: 68 , delta_t [[0.29384015]
 [0.43611263]
 [0.85056672]]
id: 68 , delta_R [[ 0.99509033  0.00944821  0.09851887]
 [-0.00799252  0.99985314 -0.01516001]
 [-0.09864764  0.01429817  0.9950197 ]]
id: 68 , current state: States.Change_lane_to_oncoming
id: 69 , cur_t [[  1.69099139]
 [-28.33843514]
 [ 42.09757718]]
id: 69 , cur_R [[ 0.93969136 -0.30348608 -0.15772237]
 [-0.11769153  0.14606587 -0.98224919]
 [ 0.32113681  0.94157366  0.10153909]]
id: 69 , delta_t [[-0.10101556]
 [-0.14929403]
 [-0.98361941]]
id: 69 , delta_R [[ 0.99431194  0.0094657   0.10608567]
 [-0.00965737  0.99995253  0.00129318]
 [-0.1060684  -0.00231034  0.99435615]]
id: 69 , current state: States.Change_lane_to_oncoming
id: 70 , cur_t [[  1.84492697]
 [-27.42088264]
 [ 41.73096943]]
id: 70 , cur_R [[ 0.96719191 -0.19937976 -0.15744056]
 [-0.12870325  0.14976302 -0.9803094 ]
