
time=1639774670.4582891 gym-duckietown 2019.0.0

time=1639774671.5825396 Registering gym environment id: Duckietown-4way-v0
time=1639774671.5826921 Registering gym environment id: Duckietown-loop_dyn_duckiebots-v0
time=1639774671.5827942 Registering gym environment id: Duckietown-loop_empty-v0
time=1639774671.5828967 Registering gym environment id: Duckietown-loop_obstacles-v0
time=1639774671.5829954 Registering gym environment id: Duckietown-loop_pedestrians-v0
time=1639774671.5831318 Registering gym environment id: Duckietown-small_loop-v0
time=1639774671.58322 Registering gym environment id: Duckietown-small_loop_cw-v0
time=1639774671.5833085 Registering gym environment id: Duckietown-straight_road-v0
time=1639774671.5834382 Registering gym environment id: Duckietown-straight_road_10_tiles_no_start_tile-v0
time=1639774671.5835567 Registering gym environment id: Duckietown-straight_road_no_start_tile-v0
time=1639774671.5836453 Registering gym environment id: Duckietown-straight_road_trafficlight-v0
time=1639774671.5837193 Registering gym environment id: Duckietown-straight_road_with_side_floor-v0
time=1639774671.5838392 Registering gym environment id: Duckietown-udem1-v0
time=1639774671.5839524 Registering gym environment id: Duckietown-zigzag_dists-v0
time=1639774674.337782 Falling back to non-multisampled frame buffer
time=1639774674.3652027 Falling back to non-multisampled frame buffer
time=1639774674.3701453 loading map file "/home/appuser/aido-auto/gym-duckietown/gym_duckietown/maps/straight_road.yaml"
time=1639774674.383108 loading mesh "duckiebot.obj"
time=1639774674.3884356 loading materials from "/home/appuser/aido-auto/gym-duckietown/gym_duckietown/meshes/duckiebot.mtl"
time=1639774674.7984517 loading texture "straight_1.png"
time=1639774674.8686047 road_tile_size=0.585
time=1639774674.869104 Starting at [0.2925  0.      0.43875] 0
time=1639774674.8694246 Pos: [0.2925  0.      0.43875] angle 0
time=1639774675.2841642 using DuckietownEnv
/usr/local/lib/python3.6/dist-packages/gym/spaces/box.py:74: UserWarning: [33mWARN: Box bound precision lowered by casting to float32[0m
  "Box bound precision lowered by casting to {}".format(self.dtype)
time=1639774675.286709 loading mesh "duckie.obj"
time=1639774675.3401518 loading texture "duckie.png"
time=1639774676.0404682 Pos: [0.2925  0.      0.43875] angle 0
time=1639774676.4095688 Pos: [0.3325  0.      0.43875] angle 0
time=1639774676.554792 Pos: [0.3725  0.      0.43875] angle 0
time=1639774676.6606462 Pos: [0.4125  0.      0.43875] angle 0
time=1639774676.7414317 Pos: [0.4525  0.      0.43875] angle 0
time=1639774676.8227441 Pos: [0.4925  0.      0.43875] angle 0
time=1639774676.9067013 Pos: [0.5325  0.      0.43875] angle 0
time=1639774676.9903712 Pos: [0.5725  0.      0.43875] angle 0
time=1639774677.0752835 Pos: [0.6125  0.      0.43875] angle 0
time=1639774677.1601856 Pos: [0.6525  0.      0.43875] angle 0
time=1639774677.2436872 Pos: [0.6925  0.      0.43875] angle 0
time=1639774677.3261075 Pos: [0.7325  0.      0.43875] angle 0
time=1639774677.4071457 Pos: [0.7725  0.      0.43875] angle 0
time=1639774677.4903677 Pos: [0.8125  0.      0.43875] angle 0
time=1639774677.5799794 Pos: [0.8525  0.      0.43875] angle 0
time=1639774677.682352 Pos: [0.8925  0.      0.43875] angle 0
time=1639774677.7943668 Pos: [0.9325  0.      0.43875] angle 0
time=1639774677.898386 Pos: [0.9725  0.      0.43875] angle 0
time=1639774677.9916694 Pos: [1.0125  0.      0.43875] angle 0
time=1639774678.0810668 Pos: [1.0525  0.      0.43875] angle 0
env.road_tile_size = 0.585
id: 0 , cur_t None
id: 0 , cur_R None
id: 0 , delta_t None
id: 0 , delta_R None
id: 0 , current state: States.Forward_correct_lane
id: 1 , cur_t [[-0.85040613]
 [ 0.41813074]
 [ 0.31933698]]
id: 1 , cur_R [[ 0.99997083 -0.00399581  0.00650976]
 [ 0.00402674  0.99998064 -0.00474496]
 [-0.00649068  0.00477103  0.99996755]]
id: 1 , delta_t None
id: 1 , delta_R None
id: 1 , current state: States.Forward_correct_lane
id: 2 , cur_t [[-7.50415678e-01]
 [-8.54544190e-04]
 [ 1.22180761e+00]]
id: 2 , cur_R [[ 0.99995421  0.00899773  0.00325854]
 [-0.00897379  0.99993318 -0.00728802]
 [-0.0033239   0.00725844  0.99996813]]
id: 2 , delta_t [[ 0.09244275]
 [-0.41507099]
 [ 0.90508033]]
id: 2 , delta_R [[ 0.9999103   0.01300864 -0.00318901]
 [-0.01301651  0.99991226 -0.00245882]
 [ 0.00315675  0.00250011  0.99999189]]
id: 2 , current state: States.Forward_correct_lane
id: 3 , cur_t [[-0.40422951]
 [-0.58437397]
 [ 1.9564233 ]]
id: 3 , cur_R [[ 0.99997053  0.00750071 -0.00163936]
 [-0.00750818  0.99996125 -0.00459727]
 [ 0.00160482  0.00460945  0.99998809]]
id: 3 , delta_t [[ 0.3489649 ]
 [-0.57503338]
 [ 0.73997304]]
id: 3 , delta_R [[ 0.99998688 -0.00146137 -0.00490867]
 [ 0.00147456  0.99999531  0.00268599]
 [ 0.00490472 -0.00269319  0.99998435]]
id: 3 , current state: States.Forward_correct_lane
id: 4 , cur_t [[-0.3533199 ]
 [-1.01959302]
 [ 2.85530739]]
id: 4 , cur_R [[ 0.99999651  0.00211996 -0.00157627]
 [-0.0021259   0.99999061 -0.00377671]
 [ 0.00156825  0.00378005  0.99999163]]
id: 4 , delta_t [[ 0.05561836]
 [-0.43067696]
 [ 0.90079074]]
id: 4 , delta_R [[ 9.99985521e-01 -5.38103174e-03  3.83274345e-05]
 [ 5.38099811e-03  9.99985178e-01  8.29330686e-04]
 [-4.27895212e-05 -8.29112438e-04  9.99999655e-01]]
id: 4 , current state: States.Forward_correct_lane
id: 5 , cur_t [[-0.33062801]
 [-1.48482395]
 [ 3.74020583]]
id: 5 , cur_R [[ 0.99999544  0.00246219 -0.00174666]
 [-0.0024692   0.99998885 -0.00402611]
 [ 0.00173673  0.0040304   0.99999037]]
id: 5 , delta_t [[ 0.02506859]
 [-0.4618335 ]
 [ 0.88661231]]
id: 5 , delta_R [[ 9.99999927e-01  3.42871334e-04 -1.69092726e-04]
 [-3.42913592e-04  9.99999910e-01 -2.49944007e-04]
 [ 1.69007013e-04  2.50001973e-04  9.99999954e-01]]
id: 5 , current state: States.Forward_correct_lane
id: 6 , cur_t [[-1.20054825]
 [-1.07673559]
 [ 4.01715828]]
id: 6 , cur_R [[ 0.99969359 -0.01157619  0.02187947]
 [ 0.01200676  0.99973479 -0.01965141]
 [-0.02164618  0.01990809  0.99956746]]
id: 6 , delta_t [[-0.87044294]
 [ 0.40705814]
 [ 0.27682623]]
id: 6 , delta_R [[ 0.99962232 -0.01413259  0.0235688 ]
 [ 0.01450256  0.99977312 -0.01560103]
 [-0.02334297  0.01593695  0.99960048]]
id: 6 , current state: States.Forward_correct_lane
id: 7 , cur_t [[-0.72577647]
 [-1.69931022]
 [ 4.63924557]]
id: 7 , cur_R [[ 0.99972491 -0.01330505  0.01931516]
 [ 0.01367059  0.99972757 -0.01891821]
 [-0.01905819  0.01917705  0.99963445]]
id: 7 , delta_t [[ 0.45368539]
 [-0.615521  ]
 [ 0.64444043]]
id: 7 , delta_R [[ 9.99995217e-01 -1.67763423e-03 -2.59829228e-03]
 [ 1.67944978e-03  9.99998347e-01  6.96721945e-04]
 [ 2.59711914e-03 -7.01082314e-04  9.99996382e-01]]
id: 7 , current state: States.Forward_correct_lane
id: 8 , cur_t [[-0.69255293]
 [-2.16235541]
 [ 5.52495734]]
id: 8 , cur_R [[ 0.99972534 -0.01329698  0.01929835]
 [ 0.01366805  0.99972174 -0.01922551]
 [-0.01903734  0.019484    0.99962891]]
id: 8 , delta_t [[ 0.01000423]
 [-0.44637574]
 [ 0.8947897 ]]
id: 8 , delta_R [[ 1.00000000e+00  8.39361410e-06 -1.66591934e-05]
 [-8.39873236e-06  9.99999953e-01 -3.07256826e-04]
 [ 1.66566136e-05  3.07256966e-04  9.99999953e-01]]
id: 8 , current state: States.Forward_correct_lane
id: 9 , cur_t [[-0.63492777]
 [-2.63623505]
 [ 6.40365947]]
id: 9 , cur_R [[ 0.99972167 -0.01364125  0.01924836]
 [ 0.01401551  0.9997127  -0.01944446]
 [-0.01897759  0.01970882  0.99962564]]
id: 9 , delta_t [[ 0.03440417]
 [-0.45739338]
 [ 0.8885987 ]]
id: 9 , delta_R [[ 9.99999939e-01 -3.43270290e-04 -5.66094694e-05]
 [ 3.43257508e-04  9.99999916e-01 -2.25655703e-04]
 [ 5.66869255e-05  2.25636258e-04  9.99999973e-01]]
id: 9 , current state: States.Forward_correct_lane
id: 10 , cur_t [[-0.14047808]
 [-3.23959453]
 [ 7.02934058]]
id: 10 , cur_R [[ 0.9997041  -0.01596189  0.01835568]
 [ 0.01631854  0.9996777  -0.01944755]
 [-0.01803934  0.01974133  0.99964237]]
id: 10 , delta_t [[ 0.47398176]
 [-0.59759961]
 [ 0.64669622]]
id: 10 , delta_R [[ 9.99996909e-01 -2.30285379e-03 -9.37751614e-04]
 [ 2.30281027e-03  9.99997347e-01 -4.74844662e-05]
 [ 9.37858476e-04  4.53248554e-05  9.99999559e-01]]
id: 10 , current state: States.Forward_correct_lane
id: 11 , cur_t [[-0.12419495]
 [-3.6880818 ]
 [ 7.92298145]]
id: 11 , cur_R [[ 0.99975937 -0.0119185   0.01841591]
 [ 0.012293    0.99971718 -0.02035798]
 [-0.01816807  0.02057947  0.99962313]]
id: 11 , delta_t [[-0.00716104]
 [-0.43096098]
 [ 0.90234215]]
id: 11 , delta_R [[ 9.99991822e-01  4.04180965e-03  1.39035413e-04]
 [-4.04169194e-03  9.99991482e-01 -8.36708934e-04]
 [-1.42416047e-04  8.36140153e-04  9.99999640e-01]]
id: 11 , current state: States.Forward_correct_lane
id: 12 , cur_t [[-0.01688963]
 [-4.16839835]
 [ 8.79348796]]
id: 12 , cur_R [[ 0.99977343 -0.01458789  0.01550079]
 [ 0.01488586  0.99970322 -0.01928426]
 [-0.01521488  0.01951063  0.99969387]]
id: 12 , delta_t [[ 0.08555955]
 [-0.46354506]
 [ 0.88193284]]
id: 12 , delta_R [[ 0.99999219 -0.00260911 -0.00296921]
 [ 0.00261217  0.99999606  0.00102592]
 [ 0.00296652 -0.00103367  0.99999507]]
id: 12 , current state: States.Forward_correct_lane
id: 13 , cur_t [[ 0.25024938]
 [-4.71614995]
 [ 9.58633406]]
id: 13 , cur_R [[ 0.99976196 -0.01658894  0.01417117]
 [ 0.01686197  0.99967019 -0.0193698 ]
 [-0.01384518  0.01960414  0.99971195]]
id: 13 , delta_t [[ 0.24686168]
 [-0.5360171 ]
 [ 0.80730724]]
id: 13 , delta_R [[ 9.99997114e-01 -1.97498203e-03 -1.36808045e-03]
 [ 1.97482486e-03  9.99998043e-01 -1.16223371e-04]
 [ 1.36830731e-03  1.13521316e-04  9.99999057e-01]]
id: 13 , current state: States.Forward_correct_lane
id: 14 , cur_t [[ 0.52583493]
 [-5.2824211 ]
 [10.36311562]]
id: 14 , cur_R [[ 0.99976532 -0.01693437  0.01351064]
 [ 0.01720167  0.99965359 -0.01991983]
 [-0.01316863  0.02014756  0.99971029]]
id: 14 , delta_t [[ 0.25521682]
 [-0.55542793]
 [ 0.79143173]]
id: 14 , delta_R [[ 9.99999722e-01 -3.32472562e-04 -6.67164124e-04]
 [ 3.32102377e-04  9.99999791e-01 -5.54897481e-04]
 [ 6.67348473e-04  5.54675760e-04  9.99999623e-01]]
id: 14 , current state: States.Forward_correct_lane
id: 15 , cur_t [[ 0.68016759]
 [-5.78181624]
 [11.21563302]]
id: 15 , cur_R [[ 0.99972244 -0.02100027  0.01067861]
 [ 0.02119998  0.99959573 -0.01894552]
 [-0.01027644  0.01916665  0.99976349]]
id: 15 , delta_t [[ 0.13447952]
 [-0.48465953]
 [ 0.86430342]]
id: 15 , delta_R [[ 9.99987723e-01 -4.00881165e-03 -2.91255686e-03]
 [ 4.01150710e-03  9.99991530e-01  9.20208744e-04]
 [ 2.90884325e-03 -9.31881189e-04  9.99995335e-01]]
id: 15 , current state: States.Forward_correct_lane
id: 16 , cur_t [[ 0.76110229]
 [-6.28086372]
 [12.0784199 ]]
id: 16 , cur_R [[ 0.9997105  -0.02265001  0.00811796]
 [ 0.02278705  0.99959228 -0.0172053 ]
 [-0.00772495  0.01738531  0.99981902]]
id: 16 , delta_t [[ 0.06146607]
 [-0.48400864]
 [ 0.8729018 ]]
id: 16 , delta_R [[ 0.99999536 -0.00160082 -0.00259155]
 [ 0.00160529  0.99999723  0.00172343]
 [ 0.00258878 -0.00172758  0.99999516]]
id: 16 , current state: States.Forward_correct_lane
id: 17 , cur_t [[ 1.00227072]
 [-6.8209287 ]
 [12.88474961]]
id: 17 , cur_R [[ 0.99971517 -0.02364938  0.00320647]
 [ 0.02369533  0.99960455 -0.01514154]
 [-0.00284711  0.01521321  0.99988022]]
id: 17 , delta_t [[ 0.22256326]
 [-0.53128897]
 [ 0.81743356]]
id: 17 , delta_R [[ 9.99987439e-01 -9.14348389e-04 -4.92801291e-03]
 [ 9.24492550e-04  9.99997458e-01  2.05658400e-03]
 [ 4.92611995e-03 -2.06111408e-03  9.99985742e-01]]
id: 17 , current state: States.Forward_correct_lane
id: 18 , cur_t [[ 1.0181634 ]
 [-7.27236313]
 [13.77691236]]
id: 18 , cur_R [[ 0.99972459 -0.02324298  0.00324236]
 [ 0.02328991  0.99961202 -0.01527696]
 [-0.00288602  0.01534826  0.99987804]]
id: 18 , delta_t [[ 0.00265118]
 [-0.43805911]
 [ 0.89894226]]
id: 18 , delta_R [[ 9.99999917e-01  4.05922728e-04  4.20480791e-05]
 [-4.05917085e-04  9.99999909e-01 -1.34129654e-04]
 [-4.21025215e-05  1.34112575e-04  9.99999990e-01]]time=1639774678.163531 Pos: [1.0925  0.      0.43875] angle 0
time=1639774678.243163 Pos: [1.1325  0.      0.43875] angle 0
time=1639774678.3254485 Pos: [1.1725  0.      0.43875] angle 0
time=1639774678.4057724 Pos: [1.2125  0.      0.43875] angle 0
time=1639774678.488603 Pos: [1.2525  0.      0.43875] angle 0
time=1639774678.5719771 Pos: [1.2925  0.      0.43875] angle 0
time=1639774678.6564634 Pos: [1.3325  0.      0.43875] angle 0
time=1639774678.7381628 Pos: [1.3725  0.      0.43875] angle 0
time=1639774678.8286636 Pos: [1.4125  0.      0.43875] angle 0
time=1639774678.9119267 Pos: [1.4525  0.      0.43875] angle 0
time=1639774678.99557 Pos: [1.4925  0.      0.43875] angle 0
time=1639774679.0809412 Pos: [1.5325  0.      0.43875] angle 0
time=1639774679.1620505 Pos: [1.5725  0.      0.43875] angle 0
time=1639774679.241712 Pos: [1.6125  0.      0.43875] angle 0
time=1639774679.3213828 Pos: [1.6525  0.      0.43875] angle 0
time=1639774679.4009964 Pos: [1.6925  0.      0.43875] angle 0
time=1639774679.4824026 Pos: [1.7325  0.      0.43875] angle 0
time=1639774679.5650067 Pos: [1.7725  0.      0.43875] angle 0

id: 18 , current state: States.Forward_correct_lane
id: 19 , cur_t [[ 1.39078977]
 [-7.84149325]
 [14.50987928]]
id: 19 , cur_R [[ 0.99974601 -0.02250882 -0.00112404]
 [ 0.02249146  0.99965442 -0.01360802]
 [ 0.00142995  0.01357928  0.99990677]]
id: 19 , delta_t [[ 0.3571534 ]
 [-0.56632048]
 [ 0.74278029]]
id: 19 , delta_R [[ 9.99990198e-01  8.01077085e-04 -4.35466122e-03]
 [-7.93803865e-04  9.99998288e-01  1.67168693e-03]
 [ 4.35599292e-03 -1.66821379e-03  9.99989121e-01]]
id: 19 , current state: States.Forward_correct_lane
id: 20 , cur_t [[ 1.46324085]
 [-8.29997811]
 [15.3956233 ]]
id: 20 , cur_R [[ 0.99966972 -0.02560296 -0.00222338]
 [ 0.02557009  0.99957871 -0.01373216]
 [ 0.00257403  0.01367077  0.99990324]]
id: 20 , delta_t [[ 0.06338725]
 [-0.44792944]
 [ 0.89181908]]
id: 20 , delta_R [[ 9.99994606e-01 -3.07983341e-03 -1.14136630e-03]
 [ 3.07969757e-03  9.99995250e-01 -1.20750243e-04]
 [ 1.14173277e-03  1.17234529e-04  9.99999341e-01]]
id: 20 , current state: States.Forward_correct_lane
id: 21 , cur_t [[ 1.55583632]
 [-8.76676214]
 [16.27513381]]
id: 21 , cur_R [[ 0.9995752  -0.02889687 -0.00379284]
 [ 0.02884284  0.99949141 -0.01360173]
 [ 0.00418396  0.01348656  0.9999003 ]]
id: 21 , delta_t [[ 0.08289307]
 [-0.45693452]
 [ 0.88562949]]
id: 21 , delta_R [[ 9.99993339e-01 -3.27338287e-03 -1.61458356e-03]
 [ 3.27360934e-03  9.99994632e-01  1.37640779e-04]
 [ 1.61412434e-03 -1.42925378e-04  9.99998687e-01]]
id: 21 , current state: States.Forward_correct_lane
id: 22 , cur_t [[ 1.65117794]
 [-9.25822313]
 [17.14079892]]
id: 22 , cur_R [[ 0.99950366 -0.0310467  -0.00534163]
 [ 0.03097981  0.99944579 -0.01218044]
 [ 0.00571683  0.01200891  0.99991155]]
id: 22 , delta_t [[ 0.0847479 ]
 [-0.48229126]
 [ 0.8719019 ]]
id: 22 , delta_R [[ 0.99999649 -0.00212973 -0.00157792]
 [ 0.00213199  0.99999671  0.00142948]
 [ 0.00157487 -0.00143284  0.99999773]]
id: 22 , current state: States.Forward_correct_lane
id: 23 , cur_t [[ 1.71486931]
 [-9.71827284]
 [18.02640474]]
id: 23 , cur_R [[ 0.99925352 -0.03817975 -0.00589139]
 [ 0.03811203  0.99921061 -0.01120864]
 [ 0.00631468  0.01097574  0.99991983]]
id: 23 , delta_t [[ 0.05447036]
 [-0.45113699]
 [ 0.89079088]]
id: 23 , delta_R [[ 9.99974377e-01 -7.13015185e-03 -6.36804449e-04]
 [ 7.13079260e-03  9.99974066e-01  1.00966083e-03]
 [ 6.29588899e-04 -1.01417588e-03  9.99999288e-01]]
id: 23 , current state: States.Forward_correct_lane
id: 24 , cur_t [[  2.01217167]
 [-10.26747501]
 [ 18.80742221]]
id: 24 , cur_R [[ 0.99925608 -0.03606786 -0.01365298]
 [ 0.03597491  0.99932822 -0.00699357]
 [ 0.01389605  0.0064972   0.99988234]]
id: 24 , delta_t [[ 0.28108109]
 [-0.55154732]
 [ 0.78535914]]
id: 24 , delta_R [[ 0.99996765  0.00219732 -0.00773777]
 [-0.00216485  0.99998883  0.00420253]
 [ 0.00774692 -0.00418564  0.99996123]]
id: 24 , current state: States.Forward_correct_lane
id: 25 , cur_t [[  2.05886591]
 [-10.71200289]
 [ 19.70196937]]
id: 25 , cur_R [[ 0.99926277 -0.03546479 -0.0147026 ]
 [ 0.03535163  0.99934382 -0.00788639]
 [ 0.01497264  0.00736081  0.99986081]]
id: 25 , delta_t [[ 0.04309833]
 [-0.44010137]
 [ 0.89691322]]
id: 25 , delta_R [[ 9.99999267e-01  6.10248372e-04 -1.04548416e-03]
 [-6.11190721e-04  9.99999407e-01 -9.01269682e-04]
 [ 1.04493354e-03  9.01908012e-04  9.99999047e-01]]
id: 25 , current state: States.Forward_correct_lane
id: 26 , cur_t [[  2.11340829]
 [-11.18338474]
 [ 20.5822104 ]]
id: 26 , cur_R [[ 0.99924358 -0.0358323  -0.01510975]
 [ 0.03571292  0.99932928 -0.00809849]
 [ 0.0153898   0.00755275  0.99985304]]
id: 26 , delta_t [[ 0.05101759]
 [-0.46652759]
 [ 0.8830341 ]]
id: 26 , delta_R [[ 9.99999849e-01 -3.64741551e-04 -4.10081214e-04]
 [ 3.64656781e-04  9.99999912e-01 -2.06772515e-04]
 [ 4.10156597e-04  2.06622945e-04  9.99999895e-01]]
id: 26 , current state: States.Forward_correct_lane
id: 27 , cur_t [[  2.45374086]
 [-11.73922331]
 [ 21.34064116]]
id: 27 , cur_R [[ 9.99057531e-01 -3.31096727e-02 -2.80677525e-02]
 [ 3.30984884e-02  9.99451722e-01 -8.63099822e-04]
 [ 2.80809406e-02 -6.67138051e-05  9.99605650e-01]]
id: 27 , delta_t [[ 0.33189662]
 [-0.56193242]
 [ 0.75767842]]
id: 27 , delta_R [[ 0.99991232  0.0028191  -0.0129384 ]
 [-0.00272616  0.9999704   0.00719502]
 [ 0.0129583  -0.00715911  0.99989041]]
id: 27 , current state: States.Forward_correct_lane
id: 28 , cur_t [[  2.45341042]
 [-12.16735165]
 [ 22.24435905]]
id: 28 , cur_R [[ 9.98981705e-01 -3.20985506e-02 -3.17054696e-02]
 [ 3.20999180e-02  9.99484556e-01 -4.66001266e-04]
 [ 3.17040851e-02 -5.52216235e-04  9.99497147e-01]]
id: 28 , delta_t [[ 0.01087672]
 [-0.42794295]
 [ 0.9037403 ]]
id: 28 , delta_R [[ 9.99992869e-01  1.01119768e-03 -3.63847924e-03]
 [-1.00986207e-03  9.99999422e-01  3.68898973e-04]
 [ 3.63885017e-03 -3.65221981e-04  9.99993313e-01]]
id: 28 , current state: States.Forward_correct_lane
id: 29 , cur_t [[  3.18740261]
 [-12.75508221]
 [ 22.58469457]]
id: 29 , cur_R [[ 0.99833993 -0.02597963 -0.05140475]
 [ 0.02659751  0.99958153  0.01137243]
 [ 0.05108778 -0.01272079  0.99861315]]
id: 29 , delta_t [[ 0.72516869]
 [-0.61117564]
 [ 0.3171667 ]]
id: 29 , delta_R [[ 0.99978704  0.00610435 -0.0197131 ]
 [-0.00587526  0.99991478  0.01165798]
 [ 0.01978258 -0.01153968  0.99973771]]
id: 29 , current state: States.Forward_correct_lane
id: 30 , cur_t [[  3.28801053]
 [-13.21415147]
 [ 23.46737994]]
id: 30 , cur_R [[ 0.99819475 -0.02197416 -0.05589611]
 [ 0.02267252  0.99967223  0.01189037]
 [ 0.05561651 -0.01313621  0.99836579]]
id: 30 , delta_t [[ 0.13332525]
 [-0.47271937]
 [ 0.87106876]]
id: 30 , delta_R [[ 9.99981881e-01  3.94884819e-03 -4.54350690e-03]
 [-3.94745506e-03  9.99992159e-01  3.15546352e-04]
 [ 4.54471732e-03 -2.97605346e-04  9.99989628e-01]]
id: 30 , current state: States.Forward_correct_lane
id: 31 , cur_t [[  3.24314174]
 [-13.63568502]
 [ 24.37308202]]
id: 31 , cur_R [[ 0.99824698 -0.02104968 -0.05531614]
 [ 0.02172066  0.99969728  0.01155684]
 [ 0.05505613 -0.01273809  0.99840201]]
id: 31 , delta_t [[-0.00397303]
 [-0.43230693]
 [ 0.90171777]]
id: 31 , delta_R [[ 9.99999403e-01  9.32261855e-04  5.69786708e-04]
 [-9.32041856e-04  9.99999491e-01 -3.86250319e-04]
 [-5.70146505e-04  3.85719023e-04  9.99999763e-01]]
id: 31 , current state: States.Forward_correct_lane
id: 32 , cur_t [[  3.22419083]
 [-14.08159363]
 [ 25.26795987]]
id: 32 , cur_R [[ 0.99819823 -0.02279899 -0.0555022 ]
 [ 0.02348268  0.99965581  0.0116973 ]
 [ 0.05521641 -0.01297956  0.99839004]]
id: 32 , delta_t [[ 0.02066539]
 [-0.45677375]
 [ 0.88934284]]
id: 32 , delta_R [[ 9.99998451e-01 -1.75199106e-03 -1.66161639e-04]
 [ 1.75203054e-03  9.99998437e-01  2.37767597e-04]
 [ 1.65744812e-04 -2.38058349e-04  9.99999958e-01]]
id: 32 , current state: States.Forward_correct_lane
id: 33 , cur_t [[  3.69985906]
 [-14.65038523]
 [ 25.93894114]]
id: 33 , cur_R [[ 0.99796407 -0.02066615 -0.06033755]
 [ 0.02155881  0.999667    0.01418117]
 [ 0.06002439 -0.0154531   0.99807729]]
id: 33 , delta_t [[ 0.4985036 ]
 [-0.58814962]
 [ 0.63684706]]
id: 33 , delta_R [[ 0.99998601  0.00207005 -0.00486818]
 [-0.00205851  0.99999506  0.0023735 ]
 [ 0.00487307 -0.00236344  0.99998533]]
id: 33 , current state: States.Forward_correct_lane
id: 34 , cur_t [[  3.77725954]
 [-15.11388268]
 [ 26.82165246]]
id: 34 , cur_R [[ 0.99762656 -0.02371225 -0.06464507]
 [ 0.02477377  0.99957028  0.01566874]
 [ 0.06424575 -0.01723305  0.9977853 ]]
id: 34 , delta_t [[ 0.12023466]
 [-0.4785833 ]
 [ 0.86977104]]
id: 34 , delta_R [[ 0.99998603 -0.00311345 -0.00427242]
 [ 0.00312065  0.99999372  0.00167918]
 [ 0.00426717 -0.00169249  0.99998946]]
id: 34 , current state: States.Forward_correct_lane
id: 35 , cur_t [[  2.90255167]
 [-14.63084751]
 [ 26.86118945]]
id: 35 , cur_R [[ 0.99852942 -0.04997525 -0.02101128]
 [ 0.04968279  0.99866383 -0.01421881]
 [ 0.0216938   0.013154    0.99967812]]
id: 35 , delta_t [[-0.85812512]
 [ 0.50288754]
 [ 0.10356353]]
id: 35 , delta_R [[ 0.99870277 -0.02554567  0.04404775]
 [ 0.02680348  0.99924273 -0.02820544]
 [-0.04329386  0.02934948  0.99863119]]
id: 35 , current state: States.Forward_correct_lane
id: 36 , cur_t [[  2.96164512]
 [-15.08212995]
 [ 27.75161189]]
id: 36 , cur_R [[ 0.99821794 -0.055478   -0.02198021]
 [ 0.05518676  0.99838284 -0.01364294]
 [ 0.02270155  0.01240561  0.99966531]]time=1639774679.6481073 Pos: [1.8125  0.      0.43875] angle 0
time=1639774679.7280047 Pos: [1.8525  0.      0.43875] angle 0
time=1639774679.8209124 Pos: [1.8925  0.      0.43875] angle 0
time=1639774679.918771 Pos: [1.9325  0.      0.43875] angle 0
time=1639774680.0016663 Pos: [1.9725  0.      0.43875] angle 0
time=1639774680.0845463 Pos: [2.0125  0.      0.43875] angle 0
time=1639774680.167537 Pos: [2.0525  0.      0.43875] angle 0
time=1639774680.2493722 Pos: [2.0925  0.      0.43875] angle 0
time=1639774680.3300292 Pos: [2.1325  0.      0.43875] angle 0
time=1639774680.4100318 Pos: [2.1725  0.      0.43875] angle 0
time=1639774680.491051 Pos: [2.2125  0.      0.43875] angle 0
time=1639774680.5730145 Pos: [2.2525  0.      0.43875] angle 0
time=1639774680.6554308 Pos: [2.2925  0.      0.43875] angle 0
time=1639774680.7379231 Pos: [2.3325  0.      0.43875] angle 0
time=1639774680.8202093 Pos: [2.3725  0.      0.43875] angle 0
time=1639774680.916173 Pos: [2.4125  0.      0.43875] angle 0
time=1639774680.9995213 Pos: [2.4525  0.      0.43875] angle 0

id: 36 , delta_t [[ 0.05590222]
 [-0.44192004]
 [ 0.89531091]]
id: 36 , delta_R [[ 9.99984342e-01 -5.49709614e-03 -1.04775502e-03]
 [ 5.49782223e-03  9.99984648e-01  6.91387736e-04]
 [ 1.04393831e-03 -6.97137281e-04  9.99999212e-01]]
id: 36 , current state: States.Forward_correct_lane
id: 37 , cur_t [[  3.69126043]
 [-15.66250991]
 [ 28.11330321]]
id: 37 , cur_R [[ 9.98104952e-01 -4.70966559e-02 -3.96031457e-02]
 [ 4.70231828e-02  9.98889915e-01 -2.78520585e-03]
 [ 3.96903567e-02  9.17661788e-04  9.99211606e-01]]
id: 37 , delta_t [[ 0.70449675]
 [-0.61543199]
 [ 0.35345125]]
id: 37 , delta_R [[ 0.99980959  0.00860199 -0.01751563]
 [-0.00841582  0.9999076   0.01067507]
 [ 0.01760584 -0.01052563  0.9997896 ]]
id: 37 , current state: States.Forward_correct_lane
id: 38 , cur_t [[  3.76004029]
 [-16.13625823]
 [ 28.99127351]]
id: 38 , cur_R [[ 9.97829748e-01 -5.08526435e-02 -4.18306469e-02]
 [ 5.08013138e-02  9.98706155e-01 -2.28985010e-03]
 [ 4.18929694e-02  1.59828726e-04  9.99122091e-01]]
id: 38 , delta_t [[ 0.08121932]
 [-0.47565604]
 [ 0.87587371]]
id: 38 , delta_R [[ 9.99990428e-01 -3.75855513e-03 -2.24011473e-03]
 [ 3.76000809e-03  9.99992723e-01  6.44751951e-04]
 [ 2.23767509e-03 -6.53168628e-04  9.99997283e-01]]
id: 38 , current state: States.Forward_correct_lane
id: 39 , cur_t [[  3.87959806]
 [-16.62330226]
 [ 29.85642902]]
id: 39 , cur_R [[ 9.97598494e-01 -5.28706056e-02 -4.47430917e-02]
 [ 5.28596758e-02  9.98600929e-01 -1.42821788e-03]
 [ 4.47560036e-02 -9.40317317e-04  9.98997505e-01]]
id: 39 , delta_t [[ 0.13079976]
 [-0.49235542]
 [ 0.86051006]]
id: 39 , delta_R [[ 9.99993696e-01 -2.02043010e-03 -2.91989838e-03]
 [ 2.02320322e-03  9.99997505e-01  9.47089863e-04]
 [ 2.91797756e-03 -9.52991440e-04  9.99995289e-01]]
id: 39 , current state: States.Forward_correct_lane
id: 40 , cur_t [[  3.8357641 ]
 [-17.04477831]
 [ 30.76220853]]
id: 40 , cur_R [[ 9.97399603e-01 -5.60315268e-02 -4.53265894e-02]
 [ 5.59701871e-02  9.98428997e-01 -2.62227230e-03]
 [ 4.54023111e-02  7.85156581e-05  9.98968780e-01]]
id: 40 , delta_t [[-0.02546871]
 [-0.41942057]
 [ 0.9074347 ]]
id: 40 , delta_R [[ 9.99994814e-01 -3.16617877e-03 -5.88842037e-04]
 [ 3.16555723e-03  9.99994435e-01 -1.05348166e-03]
 [ 5.92174271e-04  1.05161218e-03  9.99999272e-01]]
id: 40 , current state: States.Forward_correct_lane
id: 41 , cur_t [[  3.84095799]
 [-17.49416425]
 [ 31.65553115]]
id: 41 , cur_R [[ 9.97569870e-01 -5.30739854e-02 -4.51387565e-02]
 [ 5.29938107e-02  9.98590419e-01 -2.97182486e-03]
 [ 4.52328564e-02  5.72528220e-04  9.98976306e-01]]
id: 41 , delta_t [[ 0.02058708]
 [-0.44890084]
 [ 0.8933444 ]]
id: 41 , delta_R [[ 9.99995594e-01  2.96193233e-03  1.95601822e-04]
 [-2.96183731e-03  9.99995496e-01 -4.84313796e-04]
 [-1.97035446e-04  4.83732321e-04  9.99999864e-01]]
id: 41 , current state: States.Forward_correct_lane
id: 42 , cur_t [[  3.89134691]
 [-17.96400255]
 [ 32.53684433]]
id: 42 , cur_R [[ 9.97176434e-01 -5.77723843e-02 -4.79740686e-02]
 [ 5.77386328e-02  9.98329546e-01 -2.09017536e-03]
 [ 4.80146846e-02 -6.85683518e-04  9.98846395e-01]]
id: 42 , delta_t [[ 0.06523225]
 [-0.47134579]
 [ 0.87953277]]
id: 42 , delta_R [[ 0.99998487 -0.0047042  -0.0028529 ]
 [ 0.00470734  0.99998832  0.00109522]
 [ 0.00284771 -0.00110863  0.99999533]]
id: 42 , current state: States.Forward_correct_lane
id: 43 , cur_t [[  3.91065479]
 [-18.42061091]
 [ 33.4263026 ]]
id: 43 , cur_R [[ 9.96902283e-01 -6.12507028e-02 -4.93374967e-02]
 [ 6.12239883e-02  9.98121939e-01 -2.05394569e-03]
 [ 4.93706435e-02 -9.73055167e-04  9.98780052e-01]]
id: 43 , delta_t [[ 0.03559648]
 [-0.45757096]
 [ 0.8884603 ]]
id: 43 , delta_R [[ 9.99992984e-01 -3.48548736e-03 -1.37263344e-03]
 [ 3.48577014e-03  9.99993904e-01  2.03678470e-04]
 [ 1.37191515e-03 -2.08461725e-04  9.99999037e-01]]
id: 43 , current state: States.Forward_correct_lane
id: 44 , cur_t [[  3.9434293 ]
 [-18.88168144]
 [ 34.31306063]]
id: 44 , cur_R [[ 0.99689182 -0.06086594 -0.05002027]
 [ 0.06084599  0.99814531 -0.00192297]
 [ 0.05004454 -0.00112654  0.99874635]]
id: 44 , delta_t [[ 0.04822422]
 [-0.46307494]
 [ 0.88500623]]
id: 44 , delta_R [[ 9.99999693e-01  3.84797697e-04 -6.82831009e-04]
 [-3.84721220e-04  9.99999920e-01  1.12127657e-04]
 [ 6.82874100e-04 -1.11864923e-04  9.99999761e-01]]
id: 44 , current state: States.Forward_correct_lane
id: 45 , cur_t [[  4.08395168]
 [-19.36791933]
 [ 35.17551421]]
id: 45 , cur_R [[ 9.96640012e-01 -5.89515301e-02 -5.68630216e-02]
 [ 5.90909008e-02  9.98252308e-01  7.71239717e-04]
 [ 5.67181768e-02 -4.12873553e-03  9.98381692e-01]]
id: 45 , delta_t [[ 0.15366108]
 [-0.49486069]
 [ 0.85527842]]
id: 45 , delta_R [[ 0.99997472  0.0019087  -0.00684893]
 [-0.00189091  0.99999482  0.00260288]
 [ 0.00685386 -0.00258987  0.99997316]]
id: 45 , current state: States.Forward_correct_lane
id: 46 , cur_t [[  4.08902804]
 [-19.82156153]
 [ 36.06668366]]
id: 46 , cur_R [[ 9.96533118e-01 -5.99613954e-02 -5.76747427e-02]
 [ 6.00964194e-02  9.98192392e-01  6.07953484e-04]
 [ 5.75340356e-02 -4.07189131e-03  9.98335242e-01]]
id: 46 , delta_t [[ 0.02879869]
 [-0.45682803]
 [ 0.88908874]]
id: 46 , delta_R [[ 9.99999155e-01 -1.01504284e-03 -8.12300867e-04]
 [ 1.01495727e-03  9.99999479e-01 -1.05743419e-04]
 [ 8.12407778e-04  1.04918879e-04  9.99999664e-01]]
id: 46 , current state: States.Forward_correct_lane
id: 47 , cur_t [[  4.35139617]
 [-20.33245854]
 [ 36.88530885]]
id: 47 , cur_R [[ 0.9961633  -0.06044116 -0.06328931]
 [ 0.06073285  0.99815042  0.00269349]
 [ 0.06300946 -0.00652689  0.99799159]]
id: 47 , delta_t [[ 0.27785426]
 [-0.52903882]
 [ 0.80181976]]
id: 47 , delta_R [[ 9.99984055e-01 -5.04532163e-04 -5.62454750e-03]
 [ 5.16456765e-04  9.99997622e-01  2.11884913e-03]
 [ 5.62346509e-03 -2.12172018e-03  9.99981937e-01]]
id: 47 , current state: States.Forward_correct_lane
id: 48 , cur_t [[  5.06680535]
 [-20.89653458]
 [ 37.29762901]]
id: 48 , cur_R [[ 0.99475644 -0.05078542 -0.08877197]
 [ 0.05258266  0.9984539   0.01802411]
 [ 0.08771935 -0.02259746  0.99588888]]
id: 48 , delta_t [[ 0.7043865 ]
 [-0.60896407]
 [ 0.36469496]]
id: 48 , delta_R [[ 0.99962771  0.0094838  -0.02558314]
 [-0.00910753  0.99984923  0.01478431]
 [ 0.02571949 -0.01454581  0.99956337]]
id: 48 , current state: States.Forward_correct_lane
id: 49 , cur_t [[  5.10357779]
 [-21.32811526]
 [ 38.19895354]]
id: 49 , cur_R [[ 0.99427855 -0.05407019 -0.0921226 ]
 [ 0.05596335  0.99826892  0.01809077]
 [ 0.09098495 -0.02314275  0.99558332]]
id: 49 , delta_t [[ 0.09294957]
 [-0.45314856]
 [ 0.88657586]]
id: 49 , delta_R [[ 9.99988878e-01 -3.36521334e-03 -3.30454944e-03]
 [ 3.36644464e-03  9.99994266e-01  3.67118436e-04]
 [ 3.30329506e-03 -3.78238936e-04  9.99994473e-01]]
id: 49 , current state: States.Forward_correct_lane
id: 50 , cur_t [[  4.94811363]
 [-21.69724207]
 [ 39.1152375 ]]
id: 50 , cur_R [[ 0.99422119 -0.05900471 -0.08968088]
 [ 0.06060564  0.99804556  0.01523201]
 [ 0.08860684 -0.02057915  0.99585407]]
id: 50 , delta_t [[-0.0918642 ]
 [-0.38128718]
 [ 0.919881  ]]
id: 50 , delta_R [[ 0.99998484 -0.00488501  0.00253992]
 [ 0.00489116  0.99998511 -0.00241859]
 [-0.00252806  0.00243098  0.99999385]]
id: 50 , current state: States.Forward_correct_lane
id: 51 , cur_t [[  5.1073086 ]
 [-22.18695662]
 [ 39.97246362]]
id: 51 , cur_R [[ 0.99359791 -0.05911391 -0.0962743 ]
 [ 0.06117048  0.99795495  0.01854952]
 [ 0.09498088 -0.02431991  0.99518198]]
id: 51 , delta_t [[ 0.20455165]
 [-0.51579167]
 [ 0.83193604]]
id: 51 , delta_R [[ 9.99978063e-01 -2.47193294e-04 -6.61907044e-03]
 [ 2.69409252e-04  9.99994333e-01  3.35567494e-03]
 [ 6.61820343e-03 -3.35738457e-03  9.99972463e-01]]
id: 51 , current state: States.Forward_correct_lane
id: 52 , cur_t [[  5.31614833]
 [-22.6730307 ]
 [ 40.82106126]]
id: 52 , cur_R [[ 0.99283108 -0.06058112 -0.1030358 ]
 [ 0.06306891  0.99778699  0.02105795]
 [ 0.10153207 -0.02740534  0.99445472]]
id: 52 , delta_t [[ 0.25836989]
 [-0.51806319]
 [ 0.81538674]]
id: 52 , delta_R [[ 0.99997577 -0.00163654 -0.00676607]
 [ 0.00165471  0.99999504  0.00268074]
 [ 0.00676165 -0.00269187  0.99997352]]
id: 52 , current state: States.Forward_correct_lane
id: 53 , cur_t [[  5.243223  ]
 [-23.07988259]
 [ 41.73163989]]
id: 53time=1639774681.0860574 Pos: [2.4925  0.      0.43875] angle 0
time=1639774681.169965 Pos: [2.5325  0.      0.43875] angle 0
time=1639774681.2523167 Pos: [2.5725  0.      0.43875] angle 0
time=1639774681.3374274 Pos: [2.6125  0.      0.43875] angle 0
time=1639774681.4208302 Pos: [2.6525  0.      0.43875] angle 0
time=1639774681.5038347 Pos: [2.6925  0.      0.43875] angle 0
time=1639774681.5872018 Pos: [2.7325  0.      0.43875] angle 0
time=1639774681.6687853 Pos: [2.7725  0.      0.43875] angle 0
time=1639774681.7497392 Pos: [2.8125  0.      0.43875] angle 0
time=1639774681.8377967 Pos: [2.8525  0.      0.43875] angle 0
time=1639774681.9252317 Pos: [2.8925  0.      0.43875] angle 0
time=1639774682.029558 Pos: [2.9325  0.      0.43875] angle 0
time=1639774682.1136572 Pos: [2.9725  0.      0.43875] angle 0
time=1639774682.1964126 Pos: [3.0125  0.      0.43875] angle 0
time=1639774682.2776215 Pos: [3.0525  0.      0.43875] angle 0
time=1639774682.3610318 Pos: [3.0925  0.      0.43875] angle 0
time=1639774682.4429553 Pos: [3.1325  0.      0.43875] angle 0
 , cur_R [[ 0.99281751 -0.05953618 -0.10377304]
 [ 0.06193106  0.99787987  0.02000796]
 [ 0.10236183 -0.02629103  0.99439974]]
id: 53 , delta_t [[-0.00560931]
 [-0.42648834]
 [ 0.90447566]]
id: 53 , delta_R [[ 9.99999182e-01  1.02624549e-03 -7.63169636e-04]
 [-1.02713209e-03  9.99998797e-01 -1.16224079e-03]
 [ 7.61975973e-04  1.16302372e-03  9.99999033e-01]]
id: 53 , current state: States.Forward_correct_lane
id: 54 , cur_t [[  5.1885479 ]
 [-23.51416559]
 [ 42.63075551]]
id: 54 , cur_R [[ 0.9926454  -0.06159961 -0.10421417]
 [ 0.06398116  0.99775738  0.01966278]
 [ 0.10276923 -0.02618591  0.99436049]]
id: 54 , delta_t [[ 0.01085713]
 [-0.45374579]
 [ 0.89106503]]
id: 54 , delta_R [[ 9.99997759e-01 -2.07854288e-03 -4.02019345e-04]
 [ 2.07849070e-03  9.99997831e-01 -1.30172057e-04]
 [ 4.02289041e-04  1.29336171e-04  9.99999911e-01]]
id: 54 , current state: States.Forward_correct_lane
id: 55 , cur_t [[  5.39413101]
 [-24.01961016]
 [ 43.46876588]]
id: 55 , cur_R [[ 0.99194501 -0.06056924 -0.11124953]
 [ 0.06349975  0.99771708  0.02298696]
 [ 0.10960325 -0.02986612  0.99352662]]
id: 55 , delta_t [[ 0.25785388]
 [-0.53891896]
 [ 0.80192128]]
id: 55 , delta_R [[ 9.99974476e-01  8.44909234e-04 -7.09464347e-03]
 [-8.21818104e-04  9.99994358e-01  3.25701215e-03]
 [ 7.09735533e-03 -3.25109851e-03  9.99969528e-01]]
id: 55 , current state: States.Forward_correct_lane
id: 56 , cur_t [[  5.49987529]
 [-24.49900635]
 [ 44.33997047]]
id: 56 , cur_R [[ 0.99162039 -0.05978485 -0.11451977]
 [ 0.06296     0.99771995  0.02430926]
 [ 0.11280533 -0.03131572  0.9931235 ]]
id: 56 , delta_t [[ 0.16993783]
 [-0.51072612]
 [ 0.84278109]]
id: 56 , delta_R [[ 9.99994292e-01  6.86821735e-04 -3.30807996e-03]
 [-6.82674955e-04  9.99998980e-01  1.25449681e-03]
 [ 3.30893821e-03 -1.25223130e-03  9.99993741e-01]]
id: 56 , current state: States.Forward_correct_lane
id: 57 , cur_t [[  5.47971226]
 [-24.92873121]
 [ 45.2427052 ]]
id: 57 , cur_R [[ 0.99155142 -0.05894774 -0.11554633]
 [ 0.06210354  0.99778347  0.02390189]
 [ 0.11388125 -0.03087579  0.99301447]]
id: 57 , delta_t [[ 0.05478374]
 [-0.45580941]
 [ 0.88838985]]
id: 57 , delta_R [[ 9.99999120e-01  8.05903094e-04 -1.05349282e-03]
 [-8.06433526e-04  9.99999548e-01 -5.03171313e-04]
 [ 1.05308684e-03  5.04020443e-04  9.99999318e-01]]
id: 57 , current state: States.Forward_correct_lane
id: 58 , cur_t [[  5.97563981]
 [-25.48118269]
 [ 45.91267029]]
id: 58 , cur_R [[ 0.99043085 -0.05265747 -0.12756928]
 [ 0.05710855  0.99787135  0.03148637]
 [ 0.12563974 -0.03847037  0.99132976]]
id: 58 , delta_t [[ 0.53372494]
 [-0.60114646]
 [ 0.59477779]]
id: 58 , delta_R [[ 0.99990731  0.00591936 -0.0122608 ]
 [-0.00583432  0.99995876  0.00695995]
 [ 0.01230149 -0.00688777  0.99990061]]
id: 58 , current state: States.Forward_correct_lane
id: 59 , cur_t [[  5.91972855]
 [-25.84064234]
 [ 46.84415443]]
id: 59 , cur_R [[ 0.99077773 -0.04382565 -0.12821393]
 [ 0.0480174   0.99840229  0.02978574]
 [ 0.1267037  -0.03566755  0.99129915]]
id: 59 , delta_t [[ 0.04112697]
 [-0.39158487]
 [ 0.91922242]]
id: 59 , delta_R [[ 9.99960731e-01  8.81253610e-03 -9.35239980e-04]
 [-8.81516814e-03  9.99957088e-01 -2.84851335e-03]
 [ 9.10097221e-04  2.85664579e-03  9.99995506e-01]]
id: 59 , current state: States.Forward_correct_lane
id: 60 , cur_t [[  5.81751208]
 [-26.25177465]
 [ 47.74998113]]
id: 60 , cur_R [[ 0.99065218 -0.04878128 -0.12739169]
 [ 0.05291447  0.99817021  0.02926258]
 [ 0.12573112 -0.0357299   0.99142073]]
id: 60 , delta_t [[-0.00624371]
 [-0.43830436]
 [ 0.89880493]]
id: 60 , delta_R [[ 9.99987375e-01 -4.92925764e-03  9.75935164e-04]
 [ 4.92915247e-03  9.99987846e-01  1.10139480e-04]
 [-9.76466208e-04 -1.05327556e-04  9.99999518e-01]]
id: 60 , current state: States.Forward_correct_lane
id: 61 , cur_t [[  6.18945178]
 [-26.83924514]
 [ 48.4686878 ]]
id: 61 , cur_R [[ 0.98940423 -0.04124322 -0.13920586]
 [ 0.0470488   0.99814365  0.0386738 ]
 [ 0.13735242 -0.04481349  0.98950799]]
id: 61 , delta_t [[ 0.42774098]
 [-0.63021856]
 [ 0.64796776]]
id: 61 , delta_R [[ 0.99990102  0.00711252 -0.01213906]
 [-0.00700845  0.99993851  0.00859394]
 [ 0.01219944 -0.00850801  0.99988939]]
id: 61 , current state: States.Forward_correct_lane
id: 62 , cur_t [[  6.94072435]
 [-27.40998443]
 [ 48.80011832]]
id: 62 , cur_R [[ 0.97784035 -0.00635078 -0.20925563]
 [ 0.02629934  0.99534789  0.0926872 ]
 [ 0.20769352 -0.09613657  0.97345835]]
id: 62 , delta_t [[ 0.76198244]
 [-0.61551726]
 [ 0.20129894]]
id: 62 , delta_R [[ 0.99687091  0.03157451 -0.07246678]
 [-0.02793328  0.9983221   0.05072199]
 [ 0.07394671 -0.04853904  0.99608024]]
id: 62 , current state: States.Forward_correct_lane
id: 63 , cur_t [[  7.07857694]
 [-27.85739655]
 [ 49.68375799]]
id: 63 , cur_R [[ 0.97527457 -0.00443548 -0.22095213]
 [ 0.02668683  0.99484588  0.09782377]
 [ 0.21937942 -0.10130155  0.97036625]]
id: 63 , delta_t [[ 0.30655741]
 [-0.53115627]
 [ 0.78987061]]
id: 63 , delta_R [[ 9.99926470e-01  7.54800678e-04 -1.21030781e-02]
 [-6.92765087e-04  9.99986607e-01  5.12897786e-03]
 [ 1.21067874e-02 -5.12021614e-03  9.99913601e-01]]
id: 63 , current state: States.Forward_correct_lane
id: 64 , cur_t [[  6.95686665]
 [-28.20981064]
 [ 50.61165395]]
id: 64 , cur_R [[ 0.97502022 -0.00236907 -0.2221035 ]
 [ 0.02447792  0.99499859  0.09684337]
 [ 0.22076324 -0.09986088  0.97020173]]
id: 64 , delta_t [[ 0.07545551]
 [-0.44405516]
 [ 0.8928166 ]]
id: 64 , delta_R [[ 0.99999717  0.00193634 -0.00138238]
 [-0.00193835  0.99999707 -0.0014514 ]
 [ 0.00137957  0.00145408  0.99999799]]
id: 64 , current state: States.Forward_correct_lane
id: 65 , cur_t [[  7.19067617]
 [-28.69568825]
 [ 51.45382736]]
id: 65 , cur_R [[ 0.97185234  0.00394753 -0.23555773]
 [ 0.02122713  0.99432552  0.10424096]
 [ 0.23463256 -0.10630704  0.96625378]]
id: 65 , delta_t [[ 0.40199666]
 [-0.56810163]
 [ 0.71809416]]
id: 65 , delta_R [[ 0.99988452  0.00490451 -0.01438346]
 [-0.00481102  0.99996713  0.00652671]
 [ 0.01441499 -0.00645676  0.99987525]]
id: 65 , current state: States.Forward_correct_lane
id: 66 , cur_t [[  7.34017727]
 [-29.14794211]
 [ 52.33309743]]
id: 66 , cur_R [[ 0.96929446  0.00851414 -0.24575548]
 [ 0.01900619  0.99381678  0.10939365]
 [ 0.24516731 -0.11070554  0.96313928]]
id: 66 , delta_t [[ 0.34199833]
 [-0.54256999]
 [ 0.76723852]]
id: 66 , delta_R [[ 0.9999343   0.00342338 -0.01093923]
 [-0.00337419  0.99998413  0.00451178]
 [ 0.0109545  -0.00447458  0.99992999]]
id: 66 , current state: States.Forward_correct_lane
id: 67 , cur_t [[  7.18299969]
 [-29.50004584]
 [ 53.25576648]]
id: 67 , cur_R [[ 0.96890817  0.00905403 -0.24725489]
 [ 0.01873432  0.99377671  0.10980376]
 [ 0.24671032 -0.11102192  0.96270876]]
id: 67 , delta_t [[ 0.06716478]
 [-0.4534094 ]
 [ 0.88876814]]
id: 67 , delta_R [[ 9.99998656e-01  3.65179464e-04 -1.59862292e-03]
 [-3.64647926e-04  9.99999878e-01  3.32775980e-04]
 [ 1.59874425e-03 -3.32192598e-04  9.99998667e-01]]
id: 67 , current state: States.Forward_correct_lane
id: 68 , cur_t [[  7.88199215]
 [-30.0103227 ]
 [ 53.75679249]]
id: 68 , cur_R [[ 0.95140145  0.04132802 -0.30516762]
 [ 0.00473139  0.98887533  0.14867143]
 [ 0.30791703 -0.14289008  0.94062188]]
id: 68 , delta_t [[ 0.79130811]
 [-0.55639744]
 [ 0.25348249]]
id: 68 , delta_R [[ 0.99764901  0.02538613 -0.0636553 ]
 [-0.02322215  0.9991346   0.03450774]
 [ 0.06447623 -0.03294839  0.99737516]]
id: 68 , current state: States.Forward_correct_lane
id: 69 , cur_t [[  7.65331042]
 [-30.34226332]
 [ 54.67195373]]
id: 69 , cur_R [[ 0.95104832  0.04206112 -0.30616656]
 [ 0.00432048  0.98878849  0.14926036]
 [ 0.30901203 -0.1432766   0.9402039 ]]
id: 69 , delta_t [[ 0.06265506]
 [-0.46846632]
 [ 0.88125686]]
id: 69 , delta_R [[ 9.99999170e-01  5.74761948e-04 -1.15311120e-03]
 [-5.74255087e-04  9.99999738e-01  4.39842395e-04]
 [ 1.15336371e-03 -4.39179850e-04  9.99999238e-01]]
id: 69 , current state: States.Forward_correct_lane
id: 70 , cur_t [[  7.41081846]
 [-30.65140116]
 [ 55.59153594]]
id: 70 , cur_R [[ 0.95067703  0.03780275 -0.30787031]
 [ 0.00870098  0.98890512  0.14829348]
 [ 0.31006043 -0.14365798  0.93980047]]
id: 70 , delta_t [[ 0.05220476]
 [-0.44762603]
 [ 0.89269569]]
id: 70 , delta_R [[ 9.99989413e-01 -4.46652845e-03 -1.10647818e-03]
 [ 4.46700418e-03  9.99989931e-01  4.27857754e-04]
 [ 1.10455600e-03 -4.32795867e-04  9.99999296e-01]]time=1639774682.5264213 Pos: [3.1725  0.      0.43875] angle 0
