False: Incorrect solution execution: 'NoneType' object has no attribute 'shape'
time=1640112583.521038 gym-duckietown 2019.0.0

time=1640112583.8114302 Registering gym environment id: Duckietown-4way-v0
time=1640112583.811586 Registering gym environment id: Duckietown-loop_dyn_duckiebots-v0
time=1640112583.8116796 Registering gym environment id: Duckietown-loop_empty-v0
time=1640112583.8117797 Registering gym environment id: Duckietown-loop_obstacles-v0
time=1640112583.811865 Registering gym environment id: Duckietown-loop_pedestrians-v0
time=1640112583.8119602 Registering gym environment id: Duckietown-small_loop-v0
time=1640112583.812091 Registering gym environment id: Duckietown-small_loop_cw-v0
time=1640112583.8121834 Registering gym environment id: Duckietown-straight_road-v0
time=1640112583.81226 Registering gym environment id: Duckietown-straight_road_10_tiles_no_start_tile-v0
time=1640112583.8123207 Registering gym environment id: Duckietown-straight_road_no_start_tile-v0
time=1640112583.8123987 Registering gym environment id: Duckietown-straight_road_trafficlight-v0
time=1640112583.8124793 Registering gym environment id: Duckietown-straight_road_with_side_floor-v0
time=1640112583.8125837 Registering gym environment id: Duckietown-udem1-v0
time=1640112583.8126638 Registering gym environment id: Duckietown-zigzag_dists-v0
time=1640112585.6922073 Falling back to non-multisampled frame buffer
time=1640112585.6962237 Falling back to non-multisampled frame buffer
time=1640112585.7004719 loading map file "/home/appuser/aido-auto/gym-duckietown/gym_duckietown/maps/straight_road.yaml"
time=1640112585.7075315 loading mesh "duckiebot.obj"
time=1640112585.707821 loading materials from "/home/appuser/aido-auto/gym-duckietown/gym_duckietown/meshes/duckiebot.mtl"
time=1640112586.125575 loading texture "straight_1.png"
time=1640112586.1427858 road_tile_size=0.585
time=1640112586.1433003 Starting at [0.2925  0.      0.43875] 0
time=1640112586.1436286 Pos: [0.2925  0.      0.43875] angle 0
time=1640112586.3082292 using DuckietownEnv
/usr/local/lib/python3.6/dist-packages/gym/spaces/box.py:74: UserWarning: [33mWARN: Box bound precision lowered by casting to float32[0m
  "Box bound precision lowered by casting to {}".format(self.dtype)
time=1640112586.3097787 loading mesh "duckie.obj"
time=1640112586.3591702 loading texture "duckie.png"
time=1640112586.9841835 Pos: [0.2925  0.      0.43875] angle 0
time=1640112587.2586114 Pos: [0.3325  0.      0.43875] angle 0
time=1640112587.3790734 Pos: [0.3725  0.      0.43875] angle 0
time=1640112587.4821296 Pos: [0.4125  0.      0.43875] angle 0
time=1640112587.5660574 Pos: [0.4525  0.      0.43875] angle 0
time=1640112587.6511497 Pos: [0.4925  0.      0.43875] angle 0
time=1640112587.7356572 Pos: [0.5325  0.      0.43875] angle 0
time=1640112587.8186922 Pos: [0.5725  0.      0.43875] angle 0
time=1640112587.903504 Pos: [0.6125  0.      0.43875] angle 0
time=1640112587.9893634 Pos: [0.6525  0.      0.43875] angle 0
time=1640112588.0746026 Pos: [0.6925  0.      0.43875] angle 0
time=1640112588.1558273 Pos: [0.7325  0.      0.43875] angle 0
time=1640112588.2394226 Pos: [0.7725  0.      0.43875] angle 0
time=1640112588.327273 Pos: [0.8125  0.      0.43875] angle 0
time=1640112588.4276025 Pos: [0.8525  0.      0.43875] angle 0
time=1640112588.5137794 Pos: [0.8925  0.      0.43875] angle 0
time=1640112588.5962355 Pos: [0.9325  0.      0.43875] angle 0
time=1640112588.6773345 Pos: [0.9725  0.      0.43875] angle 0
time=1640112588.7580342 Pos: [1.0125  0.      0.43875] angle 0
time=1640112588.8398228 Pos: [1.0525  0.      0.43875] angle 0
env.road_tile_size = 0.585
id: 0 , cur_t None
id: 0 , cur_R None
id: 0 , delta_t None
id: 0 , delta_R None
id: 0 , current state: States.Forward_correct_lane
id: 1 , cur_t [[ 0.55004561]
 [-0.62468775]
 [ 0.55426983]]
id: 1 , cur_R [[ 0.99994858  0.00220974 -0.00989741]
 [-0.00215417  0.99998188  0.00562135]
 [ 0.00990965 -0.00559974  0.99993522]]
id: 1 , delta_t None
id: 1 , delta_R None
id: 1 , current state: States.Forward_correct_lane
id: 2 , cur_t [[ 0.74028366]
 [-1.12504007]
 [ 1.39893369]]
id: 2 , cur_R [[ 0.99986187  0.00351915 -0.01624363]
 [-0.00339538  0.99996505  0.00764063]
 [ 0.01626995 -0.00758442  0.99983887]]
id: 2 , delta_t [[ 0.19967643]
 [-0.50465278]
 [ 0.83991362]]
id: 2 , delta_R [[ 0.999979    0.0012739  -0.00635401]
 [-0.00126117  0.99999719  0.00200694]
 [ 0.00635654 -0.00199888  0.9999778 ]]
id: 2 , current state: States.Forward_correct_lane
id: 3 , cur_t [[ 1.39237678]
 [-1.77509141]
 [ 1.78907189]]
id: 3 , cur_R [[ 0.99972647  0.0064455  -0.0224819 ]
 [-0.00617827  0.99990968  0.01193585]
 [ 0.0225568  -0.01179369  0.999676  ]]
id: 3 , delta_t [[ 0.66055775]
 [-0.65069277]
 [ 0.37451618]]
id: 3 , delta_R [[ 0.99997625  0.00287905 -0.00626166]
 [-0.00285247  0.9999869   0.00424967]
 [ 0.00627381 -0.00423171  0.99997137]]
id: 3 , current state: States.Forward_correct_lane
id: 4 , cur_t [[ 1.69088146]
 [-2.3315594 ]
 [ 2.56446749]]
id: 4 , cur_R [[ 0.99954009  0.00719829 -0.02945821]
 [-0.00674523  0.99985789  0.01545026]
 [ 0.02956524 -0.01524445  0.9994466 ]]
id: 4 , delta_t [[ 0.31935148]
 [-0.56363849]
 [ 0.7617915 ]]
id: 4 , delta_R [[ 9.99975365e-01  6.70605545e-04 -6.98713701e-03]
 [-6.46154613e-04  9.99993662e-01  3.50109055e-03]
 [ 6.98944058e-03 -3.49648952e-03  9.99969461e-01]]
id: 4 , current state: States.Forward_correct_lane
id: 5 , cur_t [[ 1.51634217]
 [-1.83093797]
 [ 1.7165794 ]]
id: 5 , cur_R [[ 9.99635974e-01  9.81054634e-04 -2.69621281e-02]
 [-6.30623717e-04  9.99915264e-01  1.30025846e-02]
 [ 2.69725997e-02 -1.29808483e-02  9.99551888e-01]]
id: 5 , delta_t [[-0.20290384]
 [ 0.51221949]
 [-0.83454252]]
id: 5 , delta_R [[ 0.99997755 -0.00617843  0.00259232]
 [ 0.00618431  0.99997831 -0.00226641]
 [-0.00257826  0.00228239  0.99999407]]
id: 5 , current state: States.Forward_correct_lane
id: 6 , cur_t [[ 2.30456496]
 [-2.41896005]
 [ 1.89805906]]
id: 6 , cur_R [[ 0.99773225  0.01862054 -0.06468106]
 [-0.01618883  0.99914971  0.03791815]
 [ 0.06533211 -0.03678505  0.99718533]]
id: 6 , delta_t [[ 0.79320165]
 [-0.58955472]
 [ 0.15250037]]
id: 6 , delta_R [[ 0.99913125  0.01714875 -0.03798235]
 [-0.01622507  0.99956829  0.02449469]
 [ 0.038386   -0.02385715  0.99897815]]
id: 6 , current state: States.Forward_correct_lane
id: 7 , cur_t [[ 2.30160665]
 [-2.83761313]
 [ 2.80620049]]
id: 7 , cur_R [[ 0.9977053   0.01382821 -0.06627911]
 [-0.01135139  0.99922834  0.03760156]
 [ 0.06674793 -0.03676292  0.99709237]]
id: 7 , delta_t [[ 0.0631567 ]
 [-0.45175821]
 [ 0.8899021 ]]
id: 7 , delta_R [[ 9.99987240e-01 -4.84840897e-03 -1.41903010e-03]
 [ 4.84841023e-03  9.99988246e-01 -2.54705936e-06]
 [ 1.41902577e-03 -4.33301318e-06  9.99998993e-01]]
id: 7 , current state: States.Forward_correct_lane
id: 8 , cur_t [[ 2.31879114]
 [-3.26695637]
 [ 3.70917838]]
id: 8 , cur_R [[ 0.9976263   0.01092522 -0.06798823]
 [-0.00834702  0.99923943  0.03809051]
 [ 0.06835267 -0.0374326   0.99695873]]
id: 8 , delta_t [[ 0.0822906 ]
 [-0.46197041]
 [ 0.88306942]]
id: 8 , delta_R [[ 9.99994323e-01 -2.96411927e-03 -1.60270454e-03]
 [ 2.96522448e-03  9.99995367e-01  6.87653858e-04]
 [ 1.60065883e-03 -6.92402333e-04  9.99998479e-01]]
id: 8 , current state: States.Forward_correct_lane
id: 9 , cur_t [[ 2.32808988]
 [-3.69784397]
 [ 4.61153608]]
id: 9 , cur_R [[ 0.99750255  0.00865472 -0.07009818]
 [-0.00596799  0.99924281  0.0384472 ]
 [ 0.07037786 -0.03793284  0.99679891]]
id: 9 , delta_t [[ 0.07455186]
 [-0.46423588]
 [ 0.88256845]]
id: 9 , delta_R [[ 9.99995189e-01 -2.34811044e-03 -2.02700321e-03]
 [ 2.34916513e-03  9.99997106e-01  5.18094628e-04]
 [ 2.02578080e-03 -5.22853901e-04  9.99997811e-01]]
id: 9 , current state: States.Forward_correct_lane
id: 10 , cur_t [[ 2.22047055]
 [-4.07315141]
 [ 5.5321676 ]]
id: 10 , cur_R [[ 0.99739762  0.00967203 -0.07144529]
 [-0.00698521  0.99926238  0.03776125]
 [ 0.07175782 -0.03716392  0.99672948]]
id: 10 , delta_t [[-0.04031865]
 [-0.41087685]
 [ 0.91079889]]
id: 10 , delta_R [[ 9.99998570e-01  9.65367800e-04 -1.38876799e-03]
 [-9.66418494e-04  9.99999247e-01 -7.56093607e-04]
 [ 1.38803703e-03  7.57434656e-04  9.99998750e-01]]
id: 10 , current state: States.Forward_correct_lane
id: 11 , cur_t [[ 2.13386307]
 [-4.46348955]
 [ 6.44875654]]
id: 11 , cur_R [[ 0.99743032  0.00747627 -0.07125206]
 [-0.00485392  0.99930695  0.03690615]
 [ 0.0714786  -0.03646547  0.99677534]]
id: 11 , delta_t [[-0.01788308]
 [-0.42495192]
 [ 0.90503926]]
id: 11 , delta_R [[ 9.99997570e-01 -2.18706525e-03  2.76550813e-04]
 [ 2.18725866e-03  9.99997362e-01 -7.01014720e-04]
 [-2.75016918e-04  7.01617905e-04  9.99999716e-01]]
id: 11 , current state: States.Forward_correct_lane
id: 12 , cur_t [[ 2.08653923]
 [-4.88521568]
 [ 7.35424399]]
id: 12 , cur_R [[ 0.99746062  0.00726261 -0.0708489 ]
 [-0.00465165  0.99930636  0.03694814]
 [ 0.07106809 -0.03652475  0.99680252]]
id: 12 , delta_t [[ 0.01956776]
 [-0.45480667]
 [ 0.8903752 ]]
id: 12 , delta_R [[ 9.99999895e-01 -1.98782080e-04  4.11819034e-04]
 [ 1.98758901e-04  9.99999979e-01  5.63255794e-05]
 [-4.11830222e-04 -5.62437209e-05  9.99999914e-01]]
id: 12 , current state: States.Forward_correct_lane
id: 13 , cur_t [[ 2.03376875]
 [-5.29740139]
 [ 8.26381434]]
id: 13 , cur_R [[ 0.99741325  0.00753029 -0.07148496]
 [-0.00488689  0.99930029  0.03708157]
 [ 0.07171418 -0.03663631  0.99675215]]
id: 13 , delta_t [[ 0.0139223 ]
 [-0.44550488]
 [ 0.89517125]]
id: 13 , delta_R [[ 9.99999761e-01  2.44212336e-04 -6.47177538e-04]
 [-2.44136983e-04  9.99999963e-01  1.16509733e-04]
 [ 6.47205967e-04 -1.16351705e-04  9.99999784e-01]]
id: 13 , current state: States.Forward_correct_lane
id: 14 , cur_t [[ 2.00909989]
 [-5.72966571]
 [ 9.16522379]]
id: 14 , cur_R [[ 0.99723716  0.00478881 -0.07412909]
 [-0.00199258  0.99928526  0.03774906]
 [ 0.07425688 -0.03749706  0.99653394]]
id: 14 , delta_t [[ 0.04215122]
 [-0.46517195]
 [ 0.88421623]]
id: 14 , delta_R [[ 9.99992731e-01 -2.83675322e-03 -2.54773097e-03]
 [ 2.83898663e-03  9.99995589e-01  8.73438556e-04]
 [ 2.54524201e-03 -8.80665181e-04  9.99996373e-01]]
id: 14 , current state: States.Forward_correct_lane
id: 15 , cur_t [[ 1.95912452]
 [-6.14434031]
 [10.0738202 ]]
id: 15 , cur_R [[ 0.99719737  0.00404678 -0.07470624]
 [-0.00127486  0.9993102   0.03711474]
 [ 0.0748049  -0.03691548  0.99651466]]
id: 15 , delta_t [[ 0.01845852]
 [-0.44868723]
 [ 0.89349821]]
id: 15 , delta_R [[ 9.99999557e-01 -7.63204952e-04 -5.50274242e-04]
 [ 7.62885909e-04  9.99999541e-01 -5.79766346e-04]
 [ 5.50716470e-04  5.79346293e-04  9.99999681e-01]]
id: 15 , current state: States.Forward_correct_lane
id: 16 , cur_t [[ 1.87252005]
 [-6.52867696]
 [10.99294207]]
id: 16 , cur_R [[ 0.99721028  0.0013447  -0.07463144]
 [ 0.00130115  0.99937265  0.03539233]
 [ 0.07463221 -0.0353907   0.99658293]]
id: 16 , delta_t [[-0.01711696]
 [-0.41835182]
 [ 0.90812376]]
id: 16 , delta_R [[ 9.99996347e-01 -2.69745448e-03  1.75248107e-04]
 [ 2.69771881e-03  9.99995197e-01 -1.52601452e-03]
 [-1.71130910e-04  1.52648172e-03  9.99998820e-01]]
id: 16 , current state: States.Forward_correct_lane
id: 17 , cur_t [[ 1.72625261]
 [-6.88615468]
 [11.91533869]]
id: 17 , cur_R [[ 0.99698204  0.0039206  -0.07753354]
 [-0.00122784  0.99939537  0.0347476 ]
 [ 0.07762289 -0.03454753  0.99638404]]
id: 17 , delta_t [[-0.07748403]
 [-0.3900944 ]
 [ 0.9175089 ]]
id: 17 , delta_R [[ 9.99992445e-01  2.47128004e-03 -3.00037599e-03]
 [-2.47378685e-03  9.99996594e-01 -8.32074674e-04]
 [ 2.99830948e-03  8.39490679e-04  9.99995153e-01]]
id: 17 , current state: States.Forward_correct_lane
id: 18 , cur_t [[ 1.89364714]
 [-7.36725791]
 [12.77587268]]
id: 18 , cur_R [[ 0.99708351  0.00412883 -0.07620645]
 [-0.00170849  0.99949285  0.03179825]
 [ 0.07629909 -0.03157531  0.99658489]]
id: 18 , delta_t [[ 0.23427719]
 [-0.50988538]
 [ 0.82772647]]time=1640112588.924898 Pos: [1.0925  0.      0.43875] angle 0
time=1640112589.013814 Pos: [1.1325  0.      0.43875] angle 0
time=1640112589.0969136 Pos: [1.1725  0.      0.43875] angle 0
time=1640112589.1807475 Pos: [1.2125  0.      0.43875] angle 0
time=1640112589.2649918 Pos: [1.2525  0.      0.43875] angle 0
time=1640112589.3511255 Pos: [1.2925  0.      0.43875] angle 0
time=1640112589.4475381 Pos: [1.3325  0.      0.43875] angle 0
time=1640112589.5335279 Pos: [1.3725  0.      0.43875] angle 0
time=1640112589.6174335 Pos: [1.4125  0.      0.43875] angle 0
time=1640112589.7080994 Pos: [1.4525  0.      0.43875] angle 0
time=1640112589.804714 Pos: [1.4925  0.      0.43875] angle 0
time=1640112589.8954756 Pos: [1.5325  0.      0.43875] angle 0
time=1640112589.9971743 Pos: [1.5725  0.      0.43875] angle 0
time=1640112590.0930452 Pos: [1.6125  0.      0.43875] angle 0
time=1640112590.1853778 Pos: [1.6525  0.      0.43875] angle 0
time=1640112590.269596 Pos: [1.6925  0.      0.43875] angle 0
time=1640112590.3551042 Pos: [1.7325  0.      0.43875] angle 0

id: 18 , delta_R [[ 9.99999093e-01  2.54092008e-04  1.32297182e-03]
 [-2.50149488e-04  9.99995530e-01 -2.97936108e-03]
 [-1.32372294e-03  2.97902744e-03  9.99994687e-01]]
id: 18 , current state: States.Forward_correct_lane
id: 19 , cur_t [[ 1.88832933]
 [-7.79433313]
 [13.68007314]]
id: 19 , cur_R [[ 9.97013295e-01  2.89783452e-03 -7.71757162e-02]
 [-4.58821610e-04  9.99500415e-01  3.16023702e-02]
 [ 7.72287388e-02 -3.14725734e-02  9.96516532e-01]]
id: 19 , delta_t [[ 0.06441703]
 [-0.45543099]
 [ 0.88793753]]
id: 19 , delta_R [[ 9.99998770e-01 -1.26107617e-03 -9.32445789e-04]
 [ 1.26098338e-03  9.99999200e-01 -1.00098310e-04]
 [ 9.32571274e-04  9.89223887e-05  9.99999560e-01]]
id: 19 , current state: States.Forward_correct_lane
id: 20 , cur_t [[ 1.9181448 ]
 [-8.21672582]
 [14.58599558]]
id: 20 , cur_R [[ 0.9967746   0.00360109 -0.08017126]
 [-0.00104349  0.99948986  0.03192072]
 [ 0.08024531 -0.0317341   0.99626986]]
id: 20 , delta_t [[ 0.09988347]
 [-0.45060698]
 [ 0.88711704]]
id: 20 , delta_R [[ 9.99995238e-01  6.08345599e-04 -3.02567558e-03]
 [-6.07524119e-04  9.99999778e-01  2.72414758e-04]
 [ 3.02584063e-03 -2.70575289e-04  9.99995386e-01]]
id: 20 , current state: States.Forward_correct_lane
id: 21 , cur_t [[ 1.90096818]
 [-8.62909926]
 [15.49684853]]
id: 21 , cur_R [[ 9.96669316e-01  1.76749475e-03 -8.15300552e-02]
 [ 7.68179960e-04  9.99517250e-01  3.10592564e-02]
 [ 8.15455937e-02 -3.10184376e-02  9.96186816e-01]]
id: 21 , delta_t [[ 0.05640077]
 [-0.44113003]
 [ 0.89566916]]
id: 21 , delta_R [[ 9.99997390e-01 -1.87592193e-03 -1.30398851e-03]
 [ 1.87499234e-03  9.99997987e-01 -7.13736357e-04]
 [ 1.30532480e-03  7.11289525e-04  9.99998895e-01]]
id: 21 , current state: States.Forward_correct_lane
id: 22 , cur_t [[ 2.01404999]
 [-9.10599407]
 [16.36850434]]
id: 22 , cur_R [[ 9.96323910e-01  6.72381963e-04 -8.56633823e-02]
 [ 2.15571307e-03  9.99455755e-01  3.29172678e-02]
 [ 8.56388934e-02 -3.29809266e-02  9.95780216e-01]]
id: 22 , delta_t [[ 0.18341852]
 [-0.50350211]
 [ 0.84430046]]
id: 22 , delta_R [[ 0.9999908  -0.00122323 -0.00411176]
 [ 0.00123132  0.99999731  0.00196598]
 [ 0.00410935 -0.00197103  0.99998961]]
id: 22 , current state: States.Forward_correct_lane
id: 23 , cur_t [[ 2.13425026]
 [-9.59114276]
 [17.23463518]]
id: 23 , cur_R [[ 9.95866089e-01 -3.76117284e-04 -9.08327606e-02]
 [ 3.58603833e-03  9.99374622e-01  3.51781877e-02]
 [ 9.07627247e-02 -3.53584940e-02  9.95244646e-01]]
id: 23 , delta_t [[ 0.19288705]
 [-0.51336963]
 [ 0.83620943]]
id: 23 , delta_R [[ 0.99998598 -0.00121908 -0.00515219]
 [ 0.00123133  0.99999642  0.00237655]
 [ 0.00514928 -0.00238286  0.9999839 ]]
id: 23 , current state: States.Forward_correct_lane
id: 24 , cur_t [[  2.11013776]
 [-10.02012045]
 [ 18.13762839]]
id: 24 , cur_R [[ 0.9957692  -0.00180674 -0.09187181]
 [ 0.00506018  0.99936775  0.03519224]
 [ 0.09175014 -0.03550823  0.99514877]]
id: 24 , delta_t [[ 0.05640697]
 [-0.46062883]
 [ 0.8857987 ]]
id: 24 , delta_R [[ 9.99998432e-01 -1.46662248e-03 -9.92314728e-04]
 [ 1.46677007e-03  9.99998913e-01  1.48023383e-04]
 [ 9.92096555e-04 -1.49478649e-04  9.99999497e-01]]
id: 24 , current state: States.Forward_correct_lane
id: 25 , cur_t [[  2.19731902]
 [-10.49849036]
 [ 19.01144854]]
id: 25 , cur_R [[ 0.99539277 -0.00131388 -0.09587234]
 [ 0.00485157  0.99931542  0.03667625]
 [ 0.09575852 -0.0369724   0.99471772]]
id: 25 , delta_t [[ 0.1645649 ]
 [-0.50925278]
 [ 0.84473665]]
id: 25 , delta_R [[ 9.99991806e-01  3.49853690e-04 -4.03316780e-03]
 [-3.43969598e-04  9.99998876e-01  1.45952708e-03]
 [ 4.03367389e-03 -1.45812784e-03  9.99990802e-01]]
id: 25 , current state: States.Forward_correct_lane
id: 26 , cur_t [[  2.33195013]
 [-10.97315465]
 [ 19.88125788]]
id: 26 , cur_R [[ 9.94902295e-01  8.90087598e-04 -1.00839629e-01]
 [ 2.99071693e-03  9.99260767e-01  3.83272012e-02]
 [ 1.00799200e-01 -3.84334032e-02  9.94164169e-01]]
id: 26 , delta_t [[ 0.21499962]
 [-0.50667518]
 [ 0.83489846]]
id: 26 , delta_R [[ 0.99998511  0.0020179  -0.0050695 ]
 [-0.00201049  0.9999969   0.00146606]
 [ 0.00507244 -0.00145585  0.99998608]]
id: 26 , current state: States.Forward_correct_lane
id: 27 , cur_t [[  2.34481343]
 [-11.43080568]
 [ 20.77029672]]
id: 27 , cur_R [[ 0.99461964  0.00101352 -0.10358932]
 [ 0.00308001  0.99922077  0.03934929]
 [ 0.10354848 -0.03945664  0.99384148]]
id: 27 , delta_t [[ 0.10104343]
 [-0.49147006]
 [ 0.86501295]]
id: 27 , delta_R [[ 9.99996172e-01  1.71041852e-05 -2.76688233e-03]
 [-1.42635703e-05  9.99999473e-01  1.02666471e-03]
 [ 2.76689844e-03 -1.02662131e-03  9.99995645e-01]]
id: 27 , current state: States.Forward_correct_lane
id: 28 , cur_t [[  3.02907864]
 [-12.04736317]
 [ 21.15970394]]
id: 28 , cur_R [[ 0.98983947  0.0199031  -0.14078955]
 [-0.01059502  0.99772639  0.06655665]
 [ 0.14179414 -0.06438873  0.98779984]]
id: 28 , delta_t [[ 0.71900715]
 [-0.63074823]
 [ 0.29186537]]
id: 28 , delta_R [[ 0.99911824  0.01739634 -0.03821143]
 [-0.01642136  0.99953526  0.02568273]
 [ 0.03864046 -0.0250326   0.99893958]]
id: 28 , current state: States.Forward_correct_lane
id: 29 , cur_t [[  2.90935969]
 [-12.44582769]
 [ 22.06904073]]
id: 29 , cur_R [[ 0.989781    0.01823448 -0.14142519]
 [-0.00891427  0.99776272  0.06625773]
 [ 0.14231695 -0.06431994  0.98772913]]
id: 29 , delta_t [[ 0.01465782]
 [-0.45849239]
 [ 0.88857744]]
id: 29 , delta_R [[ 9.99998404e-01 -1.70651492e-03 -5.28728711e-04]
 [ 1.70648381e-03  9.99998542e-01 -5.92915481e-05]
 [ 5.28829122e-04  5.83891865e-05  9.99999858e-01]]
id: 29 , current state: States.Forward_correct_lane
id: 30 , cur_t [[  2.84365079]
 [-12.80642992]
 [ 22.99944299]]
id: 30 , cur_R [[ 0.98999507  0.02340621 -0.13914708]
 [-0.01472409  0.99789856  0.06310042]
 [ 0.14033161 -0.06042029  0.98825929]]
id: 30 , delta_t [[ 0.0705891 ]
 [-0.42083705]
 [ 0.90438562]]
id: 30 , delta_R [[ 0.99998401  0.00530919  0.00194797]
 [-0.00530146  0.99997813 -0.00395414]
 [-0.00196893  0.00394375  0.99999029]]
id: 30 , current state: States.Forward_correct_lane
id: 31 , cur_t [[  2.82224483]
 [-13.23978951]
 [ 23.90040983]]
id: 31 , cur_R [[ 0.98965506  0.02450842 -0.14135841]
 [-0.01557099  0.99782916  0.06398845]
 [ 0.1426198  -0.0611254   0.98788829]]
id: 31 , delta_t [[ 0.11162316]
 [-0.48738662]
 [ 0.86602226]]
id: 31 , delta_R [[ 9.99996890e-01  9.65363190e-04 -2.29967788e-03]
 [-9.63610915e-04  9.99999245e-01  7.62951329e-04]
 [ 2.30041267e-03 -7.60732961e-04  9.99997065e-01]]
id: 31 , current state: States.Forward_correct_lane
id: 32 , cur_t [[  2.71633931]
 [-13.63308283]
 [ 24.81370299]]
id: 32 , cur_R [[ 0.98977462  0.01538223 -0.14180828]
 [-0.00644762  0.99797686  0.06325037]
 [ 0.14249431 -0.06168929  0.98787135]]
id: 32 , delta_t [[ 0.03156772]
 [-0.45086052]
 [ 0.89203602]]
id: 32 , delta_R [[ 9.99958248e-01 -9.13701736e-03  1.30471022e-04]
 [ 9.13694254e-03  9.99958099e-01  5.63006421e-04]
 [-1.35609755e-04 -5.61790808e-04  9.99999833e-01]]
id: 32 , current state: States.Forward_correct_lane
id: 33 , cur_t [[  2.66776379]
 [-14.04295172]
 [ 25.72455309]]
id: 33 , cur_R [[ 0.98955135  0.01512107 -0.14338575]
 [-0.00625121  0.99804973  0.06211   ]
 [ 0.14404528 -0.0605647   0.98771599]]
id: 33 , delta_t [[ 0.08435482]
 [-0.46597656]
 [ 0.88076677]]
id: 33 , delta_R [[ 9.99998697e-01 -3.58971638e-04 -1.57404417e-03]
 [ 3.57235609e-04  9.99999328e-01 -1.10305274e-03]
 [ 1.57443908e-03  1.10248900e-03  9.99998153e-01]]
id: 33 , current state: States.Forward_correct_lane
id: 34 , cur_t [[  2.58931839]
 [-14.44260289]
 [ 26.63785767]]
id: 34 , cur_R [[ 0.98933843  0.01377446 -0.14498185]
 [-0.0047479   0.99803851  0.0624227 ]
 [ 0.14555731 -0.06106882  0.98746325]]
id: 34 , delta_t [[ 0.05642977]
 [-0.45537194]
 [ 0.88851116]]
id: 34 , delta_R [[ 9.99997797e-01 -1.44178625e-03 -1.52560680e-03]
 [ 1.44259033e-03  9.99998821e-01  5.26086153e-04]
 [ 1.52484650e-03 -5.28285820e-04  9.99998698e-01]]
id: 34 , current state: States.Forward_correct_lane
id: 35 , cur_t [[  2.45410697]
 [-14.82192943]
 [ 27.5531878 ]]
id: 35 , cur_R [[ 9.89447538e-01  9.52793710e-03 -1.44577967e-01]
 [-5.32188660e-04  9.98067783e-01  6.21322493e-02]
 [ 1.44890604e-01 -6.13996583e-02  9.87540781e-01]]
id: 35 , delta_t [[ 0.00126414]
 [-0.43634309]
 [ 0.89977948]]time=1640112590.444025 Pos: [1.7725  0.      0.43875] angle 0
time=1640112590.5336354 Pos: [1.8125  0.      0.43875] angle 0
time=1640112590.6180098 Pos: [1.8525  0.      0.43875] angle 0
time=1640112590.704589 Pos: [1.8525  0.      0.43875] angle 0.046587467971115765
time=1640112590.787739 Pos: [1.8525  0.      0.43875] angle 0.0
time=1640112590.8673058 Pos: [1.8525  0.      0.43875] angle -0.046587467971115765
time=1640112590.950444 Pos: [1.8525  0.      0.43875] angle -0.09317493594223153
time=1640112591.0395155 Pos: [1.8525  0.      0.43875] angle -0.1397624039133473
time=1640112591.1206508 Pos: [1.8525  0.      0.43875] angle -0.18634987188446306
time=1640112591.2017353 Pos: [1.8525  0.      0.43875] angle -0.23293733985557882
time=1640112591.281697 Pos: [1.8525  0.      0.43875] angle -0.2795248078266946
time=1640112591.3628745 Pos: [1.8525  0.      0.43875] angle -0.3261122757978103
time=1640112591.447168 Pos: [1.8525  0.      0.43875] angle -0.3726997437689261
time=1640112591.542771 Pos: [1.8525  0.      0.43875] angle -0.4192872117400419
time=1640112591.6240401 Pos: [1.8525  0.      0.43875] angle -0.4658746797111577
time=1640112591.7098863 Pos: [1.8525  0.      0.43875] angle -0.5124621476822735
time=1640112591.7910144 Pos: [1.8525  0.      0.43875] angle -0.5590496156533893
time=1640112591.8646245 Pos: [1.8525  0.      0.43875] angle -0.6056370836245051

id: 35 , delta_R [[ 9.99990896e-01 -4.21350104e-03  6.74033796e-04]
 [ 4.21328270e-03  9.99991071e-01  3.25030351e-04]
 [-6.75397293e-04 -3.22187497e-04  9.99999720e-01]]
id: 35 , current state: States.Forward_correct_lane
id: 36 , cur_t [[  2.37537027]
 [-15.23032063]
 [ 28.46259264]]
id: 36 , cur_R [[ 9.89302072e-01  8.37014219e-03 -1.45641170e-01]
 [ 8.04469431e-04  9.98024423e-01  6.28220001e-02]
 [ 1.45879274e-01 -6.22670987e-02  9.87340896e-01]]
id: 36 , delta_t [[ 0.05407573]
 [-0.46418944]
 [ 0.88408369]]
id: 36 , delta_R [[ 9.99998754e-01 -1.22153957e-03 -9.99944624e-04]
 [ 1.22241716e-03  9.99998868e-01  8.77488539e-04]
 [ 9.98871605e-04 -8.78709795e-04  9.99999115e-01]]
id: 36 , current state: States.Forward_correct_lane
id: 37 , cur_t [[  2.77780394]
 [-15.85919077]
 [ 29.1278516 ]]
id: 37 , cur_R [[ 0.98509217  0.02419141 -0.17031789]
 [-0.0097182   0.99630759  0.0853038 ]
 [ 0.17175263 -0.08237692  0.98168991]]
id: 37 , delta_t [[ 0.49467005]
 [-0.66568308]
 [ 0.55871958]]
id: 37 , delta_R [[ 0.99956151  0.01423639 -0.02596362]
 [-0.01369875  0.99969045  0.02076906]
 [ 0.02625126 -0.02040429  0.99944712]]
id: 37 , current state: States.Forward_correct_lane
id: 38 , cur_t [[  2.74090808]
 [-16.26897494]
 [ 30.03928762]]
id: 38 , cur_R [[ 0.98442257  0.02728957 -0.17368787]
 [-0.0123033   0.99615139  0.08678152]
 [ 0.17538765 -0.08329275  0.98096967]]
id: 38 , delta_t [[ 0.12417807]
 [-0.48424493]
 [ 0.86607543]]
id: 38 , delta_R [[ 0.9999893   0.00280575 -0.0036785 ]
 [-0.00280202  0.99999555  0.00101953]
 [ 0.00368135 -0.00100922  0.99999271]]
id: 38 , current state: States.Forward_correct_lane
id: 39 , cur_t [[  2.47359607]
 [-15.73127487]
 [ 30.83892687]]
id: 39 , cur_R [[ 0.95833216  0.00305991 -0.28563981]
 [ 0.01745067  0.99744789  0.06923276]
 [ 0.28512268 -0.07133259  0.955833  ]]
id: 39 , delta_t [[-0.12951661]
 [ 0.46173169]
 [ 0.87751313]]
id: 39 , delta_R [[ 0.99309949 -0.03353077 -0.11237924]
 [ 0.03237386  0.99940253 -0.01210431]
 [ 0.11271796  0.00838263  0.99359166]]
id: 39 , current state: States.Change_lane_to_oncoming
id: 40 , cur_t [[  3.4336642 ]
 [-15.91074117]
 [ 31.05354524]]
id: 40 , cur_R [[ 0.96465492 -0.0099537  -0.26332833]
 [ 0.03244851  0.99616832  0.0812144 ]
 [ 0.26151095 -0.08688848  0.96128165]]
id: 40 , delta_t [[ 0.97812492]
 [-0.19137985]
 [-0.08151931]]
id: 40 , delta_R [[ 0.99964643 -0.01132538  0.02405711]
 [ 0.01094657  0.99981493  0.01581994]
 [-0.02423183 -0.015551    0.99958541]]
id: 40 , current state: States.Change_lane_to_oncoming
id: 41 , cur_t [[  4.42487356]
 [-16.01755999]
 [ 30.97548287]]
id: 41 , cur_R [[ 0.97362463 -0.0307609  -0.22607264]
 [ 0.05218297  0.99462782  0.0894004 ]
 [ 0.2221081  -0.09883958  0.96999934]]
id: 41 , delta_t [[ 0.93229471]
 [-0.10949301]
 [-0.34472866]]
id: 41 , delta_R [[ 0.99904931 -0.01741072  0.03996679]
 [ 0.01689668  0.99977058  0.01316369]
 [-0.04018681 -0.01247587  0.99911429]]
id: 41 , current state: States.Change_lane_to_oncoming
id: 42 , cur_t [[  5.36968808]
 [-16.28806553]
 [ 30.79067953]]
id: 42 , cur_R [[ 0.97816498 -0.02998059 -0.20565609]
 [ 0.0565215   0.9906183   0.12442149]
 [ 0.19999646 -0.13332874  0.97068268]]
id: 42 , delta_t [[ 0.86473259]
 [-0.27984979]
 [-0.41703913]]
id: 42 , delta_R [[ 0.99978097  0.00283829  0.02073536]
 [-0.00356987  0.99936931  0.03533035]
 [-0.02062201 -0.03539664  0.99916055]]
id: 42 , current state: States.Change_lane_to_oncoming
id: 43 , cur_t [[  6.29324204]
 [-16.58136506]
 [ 30.54365025]]
id: 43 , cur_R [[ 0.98347818 -0.03492035 -0.17762671]
 [ 0.06336149  0.98555377  0.15706398]
 [ 0.16957594 -0.16572369  0.97148323]]
id: 43 , delta_t [[ 0.83740543]
 [-0.28530047]
 [-0.46621431]]
id: 43 , delta_R [[ 9.99580861e-01 -1.10565027e-03  2.89288714e-02]
 [ 1.29341506e-04  9.99431016e-01  3.37287225e-02]
 [-2.89497035e-02 -3.37108438e-02  9.99012259e-01]]
id: 43 , current state: States.Change_lane_to_oncoming
id: 44 , cur_t [[  7.2271609 ]
 [-16.93573933]
 [ 30.49659236]]
id: 44 , cur_R [[ 0.98416    -0.01414998 -0.17671691]
 [ 0.05145253  0.97670214  0.20834003]
 [ 0.16965178 -0.21413246  0.96195923]]
id: 44 , delta_t [[ 0.88805525]
 [-0.37406905]
 [-0.26726432]]
id: 44 , delta_R [[ 0.99978365  0.02065641 -0.00244267]
 [-0.02051109  0.9985753   0.04926127]
 [ 0.00345675 -0.04920051  0.99878294]]
id: 44 , current state: States.Change_lane_to_oncoming
id: 45 , cur_t [[  8.21095223]
 [-17.11447541]
 [ 30.51101602]]
id: 45 , cur_R [[ 0.98626619 -0.01855861 -0.16411756]
 [ 0.05603082  0.97233649  0.22676484]
 [ 0.15536905 -0.23284613  0.96002247]]
id: 45 , delta_t [[ 0.96145865]
 [-0.19158112]
 [-0.19721547]]
id: 45 , delta_R [[ 0.99990869 -0.0015726   0.01342142]
 [ 0.00131157  0.99981025  0.01943545]
 [-0.01344944 -0.01941608  0.99972103]]
id: 45 , current state: States.Change_lane_to_oncoming
id: 46 , cur_t [[  9.1891351 ]
 [-17.30033319]
 [ 30.60383386]]
id: 46 , cur_R [[ 0.9869631  -0.02068365 -0.15961209]
 [ 0.06052048  0.966619    0.24896783]
 [ 0.14913452 -0.25538186  0.95526907]]
id: 46 , delta_t [[ 0.96875595]
 [-0.22048229]
 [-0.11357578]]
id: 46 , delta_R [[ 9.99987350e-01 -1.00552078e-03  4.92843162e-03]
 [ 8.90207221e-04  9.99727090e-01  2.33442217e-02]
 [-4.95055970e-03 -2.33395391e-02  9.99715338e-01]]
id: 46 , current state: States.Change_lane_to_oncoming
id: 47 , cur_t [[ 10.15035779]
 [-17.51957137]
 [ 30.43654499]]
id: 47 , cur_R [[ 0.99054051 -0.03378554 -0.13299635]
 [ 0.06870552  0.96108811  0.26756159]
 [ 0.1187815  -0.27416818  0.95431796]]
id: 47 , delta_t [[ 0.91047438]
 [-0.18907885]
 [-0.3678119 ]]
id: 47 , delta_R [[ 0.99955357 -0.00582157  0.02930469]
 [ 0.00522494  0.99977834  0.02039521]
 [-0.02941693 -0.02023299  0.99936243]]
id: 47 , current state: States.Change_lane_to_oncoming
id: 48 , cur_t [[ 10.06149002]
 [-17.22699817]
 [ 29.48444025]]
id: 48 , cur_R [[ 0.990981   -0.12806567 -0.03944424]
 [ 0.13388883  0.95839379  0.2521014 ]
 [ 0.00551758 -0.25510884  0.9668966 ]]
id: 48 , delta_t [[-0.18101816]
 [ 0.54522789]
 [-0.81851021]]
id: 48 , delta_R [[ 0.99117953 -0.06555029  0.1151794 ]
 [ 0.06671389  0.99775243 -0.00627267]
 [-0.11450935  0.01390141  0.9933249 ]]
id: 48 , current state: States.Change_lane_to_oncoming
id: 49 , cur_t [[ 11.02796996]
 [-16.99787815]
 [ 29.60028726]]
id: 49 , cur_R [[ 0.98895477 -0.14643348 -0.02292817]
 [ 0.14753305  0.95768706  0.24712244]
 [-0.01422899 -0.24777558  0.96871296]]
id: 49 , delta_t [[0.98907907]
 [0.06626071]
 [0.1316515 ]]
id: 49 , delta_R [[ 0.99969287 -0.01371116  0.02064394]
 [ 0.01380806  0.99989427 -0.00455856]
 [-0.02057925  0.00484222  0.9997765 ]]
id: 49 , current state: States.Change_lane_to_oncoming
id: 50 , cur_t [[ 10.43034872]
 [-17.36669627]
 [ 28.88837291]]
id: 50 , cur_R [[ 0.9682543  -0.20135138  0.14812572]
 [ 0.15896859  0.95331726  0.25673954]
 [-0.19290567 -0.22504182  0.95506208]]
id: 50 , delta_t [[-0.63530342]
 [-0.08930559]
 [-0.76708153]]
id: 50 , delta_R [[ 0.98364804 -0.01337692  0.17960399]
 [ 0.01172862  0.99987882  0.01023622]
 [-0.17971915 -0.00796233  0.98368574]]
id: 50 , current state: States.Change_lane_to_oncoming
id: 51 , cur_t [[ 10.711726  ]
 [-17.52855904]
 [ 27.94252553]]
id: 51 , cur_R [[ 0.94862102 -0.2301434   0.2171455 ]
 [ 0.17083556  0.95017412  0.26073807]
 [-0.26633318 -0.21024544  0.94067183]]
id: 51 , delta_t [[ 0.42917299]
 [ 0.00189295]
 [-0.90322033]]
id: 51 , delta_R [[ 0.99701091 -0.0128489   0.07618495]
 [ 0.01271541  0.99991665  0.00223698]
 [-0.07620734 -0.00126157  0.99709119]]
id: 51 , current state: States.Change_lane_to_oncoming
id: 52 , cur_t [[ 11.66098074]
 [-17.49722026]
 [ 27.62958253]]
id: 52 , cur_R [[ 0.93910647 -0.24615061  0.23976844]
 [ 0.17831965  0.94554812  0.27228817]
 [-0.2937365  -0.21295216  0.93186386]]
id: 52 , delta_t [[ 0.98918388]
 [-0.12289259]
 [-0.08007906]]
id: 52 , delta_R [[ 0.99957072 -0.0109364   0.02718025]
 [ 0.01067226  0.99989459  0.00984418]
 [-0.02728504 -0.00954988  0.99958208]]
id: 52 , current state: States.Change_lane_to_oncoming
id: 53 , cur_t [[ 11.41232298]
 [-17.5072464 ]
 [ 28.59812204]]
id: 53 , cur_R [[ 0.11014374 -0.27426652  0.9553252 ]
 [-0.51258755 -0.83916379 -0.18181895]
 [ 0.85154117 -0.46966159 -0.23301424]]time=1640112591.9444952 Pos: [1.8525  0.      0.43875] angle -0.6522245515956209
time=1640112592.0246882 Pos: [1.8525  0.      0.43875] angle -0.6988120195667367

id: 53 , delta_t [[-0.51979938]
 [-0.15452552]
 [ 0.84019668]]
id: 53 , delta_R [[ 0.4000044   0.02043235  0.91628543]
 [-0.31840806 -0.93438133  0.1598369 ]
 [ 0.85942585 -0.35568813 -0.36725082]]
id: 53 , current state: States.Change_lane_to_oncoming
id: 54 , cur_t [[ 12.1086527 ]
 [-17.35199093]
 [ 27.89739338]]
id: 54 , cur_R [[ 0.37477048  0.85360102 -0.36181816]
 [-0.82251249  0.126039   -0.55460561]
 [-0.42780871  0.50544977  0.7493332 ]]
id: 54 , delta_t [[-0.59958497]
 [ 0.00784063]
 [ 0.8002727 ]]
id: 54 , delta_R [[-0.53848957 -0.84262836  0.00253766]
 [-0.65499159  0.41668011 -0.63036791]
 [ 0.53010849 -0.34110869 -0.77629238]]
id: 54 , current state: States.Change_lane_to_oncoming
total reward =  30.127499999999994
False: Incorrect solution execution: 'NoneType' object has no attribute 'shape'
