
time=1640115348.5733776 gym-duckietown 2019.0.0

time=1640115348.8401766 Registering gym environment id: Duckietown-4way-v0
time=1640115348.8403375 Registering gym environment id: Duckietown-loop_dyn_duckiebots-v0
time=1640115348.840428 Registering gym environment id: Duckietown-loop_empty-v0
time=1640115348.8405817 Registering gym environment id: Duckietown-loop_obstacles-v0
time=1640115348.8406787 Registering gym environment id: Duckietown-loop_pedestrians-v0
time=1640115348.8407981 Registering gym environment id: Duckietown-small_loop-v0
time=1640115348.8408825 Registering gym environment id: Duckietown-small_loop_cw-v0
time=1640115348.8409598 Registering gym environment id: Duckietown-straight_road-v0
time=1640115348.841063 Registering gym environment id: Duckietown-straight_road_10_tiles_no_start_tile-v0
time=1640115348.8411717 Registering gym environment id: Duckietown-straight_road_no_start_tile-v0
time=1640115348.841254 Registering gym environment id: Duckietown-straight_road_trafficlight-v0
time=1640115348.8413253 Registering gym environment id: Duckietown-straight_road_with_side_floor-v0
time=1640115348.8413947 Registering gym environment id: Duckietown-udem1-v0
time=1640115348.8414752 Registering gym environment id: Duckietown-zigzag_dists-v0
time=1640115350.6956918 Falling back to non-multisampled frame buffer
time=1640115350.7000484 Falling back to non-multisampled frame buffer
time=1640115350.7043085 loading map file "/home/appuser/aido-auto/gym-duckietown/gym_duckietown/maps/straight_road.yaml"
time=1640115350.711225 loading mesh "duckiebot.obj"
time=1640115350.7115064 loading materials from "/home/appuser/aido-auto/gym-duckietown/gym_duckietown/meshes/duckiebot.mtl"
time=1640115351.1356564 loading texture "straight_1.png"
time=1640115351.1530695 road_tile_size=0.585
time=1640115351.153579 Starting at [0.2925  0.      0.43875] 0
time=1640115351.1538901 Pos: [0.2925  0.      0.43875] angle 0
time=1640115351.319603 using DuckietownEnv
/usr/local/lib/python3.6/dist-packages/gym/spaces/box.py:74: UserWarning: [33mWARN: Box bound precision lowered by casting to float32[0m
  "Box bound precision lowered by casting to {}".format(self.dtype)
time=1640115351.321111 loading mesh "duckie.obj"
time=1640115351.3690379 loading texture "duckie.png"
time=1640115352.0461967 Pos: [0.2925  0.      0.43875] angle 0
time=1640115352.32655 Pos: [0.3325  0.      0.43875] angle 0
time=1640115352.42519 Pos: [0.3725  0.      0.43875] angle 0
time=1640115352.540582 Pos: [0.4125  0.      0.43875] angle 0
time=1640115352.6480765 Pos: [0.4525  0.      0.43875] angle 0
time=1640115352.7587786 Pos: [0.4925  0.      0.43875] angle 0
time=1640115352.8768597 Pos: [0.5325  0.      0.43875] angle 0
time=1640115352.9892893 Pos: [0.5725  0.      0.43875] angle 0
time=1640115353.1019905 Pos: [0.6125  0.      0.43875] angle 0
time=1640115353.2186472 Pos: [0.6525  0.      0.43875] angle 0
time=1640115353.3308365 Pos: [0.6925  0.      0.43875] angle 0
time=1640115353.4479637 Pos: [0.7325  0.      0.43875] angle 0
time=1640115353.5639434 Pos: [0.7725  0.      0.43875] angle 0
time=1640115353.678315 Pos: [0.8125  0.      0.43875] angle 0
time=1640115353.794473 Pos: [0.8525  0.      0.43875] angle 0
time=1640115353.935456 Pos: [0.8925  0.      0.43875] angle 0
time=1640115354.0838013 Pos: [0.9325  0.      0.43875] angle 0
time=1640115354.2067978 Pos: [0.9725  0.      0.43875] angle 0
time=1640115354.3370273 Pos: [1.0125  0.      0.43875] angle 0
time=1640115354.4514997 Pos: [1.0525  0.      0.43875] angle 0
env.road_tile_size = 0.585
id: 0 , cur_t None
id: 0 , cur_R None
id: 0 , delta_t None
id: 0 , delta_R None
id: 0 , current state: States.Forward_correct_lane
id: 1 , cur_t [[ 0.04625225]
 [-0.46766348]
 [ 0.88269564]]
id: 1 , cur_R [[ 0.99999661 -0.00156449 -0.00208015]
 [ 0.00157012  0.9999951   0.00270668]
 [ 0.00207591 -0.00270994  0.99999417]]
id: 1 , delta_t None
id: 1 , delta_R None
id: 1 , current state: States.Forward_correct_lane
id: 2 , cur_t [[ 0.02478423]
 [-0.89719805]
 [ 1.78549085]]
id: 2 , cur_R [[ 0.99998956 -0.0024561  -0.00385355]
 [ 0.00246962  0.9999908   0.00350835]
 [ 0.0038449  -0.00351783  0.99998642]]
id: 2 , delta_t [[-0.02026825]
 [-0.43194539]
 [ 0.90167199]]
id: 2 , delta_R [[ 9.99998030e-01 -8.96416985e-04 -1.77099124e-03]
 [ 8.97841175e-04  9.99999274e-01  8.03545190e-04]
 [ 1.77026964e-03 -8.05133676e-04  9.99998109e-01]]
id: 2 , current state: States.Forward_correct_lane
id: 3 , cur_t [[ 0.03442143]
 [-1.34521602]
 [ 2.67946345]]
id: 3 , cur_R [[ 0.99998869 -0.00267421 -0.00393215]
 [ 0.00268797  0.99999027  0.003497  ]
 [ 0.00392276 -0.00350753  0.99998615]]
id: 3 , delta_t [[ 0.0119679 ]
 [-0.45118236]
 [ 0.89235153]]
id: 3 , delta_R [[ 9.99999973e-01 -2.18386663e-04 -7.78273894e-05]
 [ 2.18385846e-04  9.99999976e-01 -1.05043196e-05]
 [ 7.78296815e-05  1.04873229e-05  9.99999997e-01]]
id: 3 , current state: States.Forward_correct_lane
id: 4 , cur_t [[ 0.04510621]
 [-1.78800532]
 [ 3.57602548]]
id: 4 , cur_R [[ 0.99998869 -0.00267421 -0.00393215]
 [ 0.00268797  0.99999027  0.003497  ]
 [ 0.00392276 -0.00350753  0.99998615]]
id: 4 , delta_t [[ 0.01301145]
 [-0.44595829]
 [ 0.89495916]]
id: 4 , delta_R [[ 1.00000000e+00  9.17990510e-13  7.68178923e-13]
 [-9.18102400e-13  1.00000000e+00  5.41511280e-13]
 [-7.68073105e-13 -5.40900658e-13  1.00000000e+00]]
id: 4 , current state: States.Forward_correct_lane
id: 5 , cur_t [[ 0.05043606]
 [-2.22933383]
 [ 4.47335526]]
id: 5 , cur_R [[ 0.99998451 -0.00273193 -0.00484851]
 [ 0.00274708  0.99999136  0.00312033]
 [ 0.00483994 -0.0031336   0.99998338]]
id: 5 , delta_t [[ 0.00766352]
 [-0.44448588]
 [ 0.89575307]]
id: 5 , delta_R [[ 9.99999578e-01 -6.09324311e-05 -9.16165405e-04]
 [ 6.05875666e-05  9.99999927e-01 -3.76444686e-04]
 [ 9.16188276e-04  3.76389019e-04  9.99999509e-01]]
id: 5 , current state: States.Forward_correct_lane
id: 6 , cur_t [[ 0.08723128]
 [-2.68579896]
 [ 5.36233541]]
id: 6 , cur_R [[ 0.9999744  -0.00419534 -0.00579695]
 [ 0.00421458  0.99998564  0.00331117]
 [ 0.00578297 -0.00333552  0.99997772]]
id: 6 , delta_t [[ 0.03984331]
 [-0.45934741]
 [ 0.88736265]]
id: 6 , delta_R [[ 9.99998479e-01 -1.46638559e-03 -9.43883147e-04]
 [ 1.46657307e-03  9.99998905e-01  1.97965568e-04]
 [ 9.43591819e-04 -1.99349540e-04  9.99999535e-01]]
id: 6 , current state: States.Forward_correct_lane
id: 7 , cur_t [[ 0.06505601]
 [-3.11688078]
 [ 6.26437572]]
id: 7 , cur_R [[ 0.99997058 -0.00216113 -0.00736045]
 [ 0.00218425  0.9999927   0.00313363]
 [ 0.00735363 -0.00314961  0.999968  ]]
id: 7 , delta_t [[-0.01877505]
 [-0.43399137]
 [ 0.90072137]]
id: 7 , delta_R [[ 9.99996709e-01  2.02898514e-03 -1.57028148e-03]
 [-2.02928488e-03  9.99997923e-01 -1.89309620e-04]
 [ 1.56989411e-03  1.92495545e-04  9.99998749e-01]]
id: 7 , current state: States.Forward_correct_lane
id: 8 , cur_t [[ 0.07527117]
 [-3.56460188]
 [ 7.15849063]]
id: 8 , cur_R [[ 0.99995036 -0.00910922 -0.00403679]
 [ 0.00911487  0.9999575   0.0013838 ]
 [ 0.00402401 -0.00142053  0.99999089]]
id: 8 , delta_t [[ 0.01581191]
 [-0.45055603]
 [ 0.89260812]]
id: 8 , delta_R [[ 0.99997034 -0.00693766  0.00334529]
 [ 0.00694337  0.99997445 -0.00169869]
 [-0.00333342  0.00172187  0.99999296]]
id: 8 , current state: States.Forward_correct_lane
id: 9 , cur_t [[ 0.19325582]
 [-4.06384536]
 [ 8.01688189]]
id: 9 , cur_R [[ 0.99995234 -0.00780314 -0.00586797]
 [ 0.00781805  0.99996626  0.00252132]
 [ 0.0058481  -0.00256708  0.9999796 ]]
id: 9 , delta_t [[ 0.11688244]
 [-0.50151638]
 [ 0.85721632]]
id: 9 , delta_R [[ 0.99999747  0.0013035  -0.00183301]
 [-0.00130143  0.99999851  0.00113228]
 [ 0.00183448 -0.00112989  0.99999768]]
id: 9 , current state: States.Forward_correct_lane
id: 10 , cur_t [[ 0.19939283]
 [-4.50787534]
 [ 8.91287281]]
id: 10 , cur_R [[ 0.99994058 -0.00789569 -0.00751575]
 [ 0.00791928  0.99996379  0.00311466]
 [ 0.00749089 -0.003174    0.99996691]]
id: 10 , delta_t [[ 0.00790511]
 [-0.44636296]
 [ 0.89481708]]
id: 10 , delta_R [[ 9.99998638e-01 -9.67874414e-05 -1.64758097e-03]
 [ 9.77660973e-05  9.99999819e-01  5.93925442e-04]
 [ 1.64752318e-03 -5.94085710e-04  9.99998466e-01]]
id: 10 , current state: States.Forward_correct_lane
id: 11 , cur_t [[ 0.21969284]
 [-4.9627919 ]
 [ 9.80317547]]
id: 11 , cur_R [[ 0.99990654 -0.0118948  -0.00674046]
 [ 0.01191865  0.99992281  0.00350951]
 [ 0.0066982  -0.00358952  0.99997112]]
id: 11 , delta_t [[ 0.02336535]
 [-0.45788619]
 [ 0.88870372]]
id: 11 , delta_R [[ 9.99991702e-01 -3.99682253e-03  7.87703236e-04]
 [ 3.99648870e-03  9.99991924e-01  4.24925336e-04]
 [-7.89395226e-04 -4.21773763e-04  9.99999599e-01]]
id: 11 , current state: States.Forward_correct_lane
id: 12 , cur_t [[ 0.25211738]
 [-5.41677642]
 [10.69359487]]
id: 12 , cur_R [[ 0.99989246 -0.01332442 -0.00612627]
 [ 0.01334922  0.99990279  0.00402604]
 [ 0.00607203 -0.00410739  0.99997313]]
id: 12 , delta_t [[ 0.03297483]
 [-0.45753134]
 [ 0.88858187]]
id: 12 , delta_R [[ 9.99998789e-01 -1.42752230e-03  6.19208734e-04]
 [ 1.42719658e-03  9.99998843e-01  5.26164452e-04]
 [-6.19959129e-04 -5.25280083e-04  9.99999670e-01]]
id: 12 , current state: States.Forward_correct_lane
id: 13 , cur_t [[ 0.36557955]
 [-5.91626442]
 [11.55245346]]
id: 13 , cur_R [[ 0.99993082 -0.01066565 -0.00495983]
 [ 0.01068611  0.99993443  0.00411641]
 [ 0.0049156  -0.00416913  0.99997923]]
id: 13 , delta_t [[ 0.11199721]
 [-0.50447893]
 [ 0.85612945]]
id: 13 , delta_R [[ 9.99995784e-01  2.66371399e-03  1.15572380e-03]
 [-2.66380137e-03  9.99996449e-01  7.40722667e-05]
 [-1.15552239e-03 -7.71505731e-05  9.99999329e-01]]
id: 13 , current state: States.Forward_correct_lane
id: 14 , cur_t [[ 0.27116116]
 [-6.29582023]
 [12.47279174]]
id: 14 , cur_R [[ 0.99990696 -0.01301511 -0.00408347]
 [ 0.01302926  0.99990913  0.0034592 ]
 [ 0.00403808 -0.00351208  0.99998568]]
id: 14 , delta_t [[-0.09394381]
 [-0.3823609 ]
 [ 0.91922505]]
id: 14 , delta_R [[ 9.99996856e-01 -2.34594937e-03  8.86019699e-04]
 [ 2.34652180e-03  9.99997039e-01 -6.45581581e-04]
 [-8.84502573e-04  6.47658616e-04  9.99999399e-01]]
id: 14 , current state: States.Forward_correct_lane
id: 15 , cur_t [[ 0.23673252]
 [-6.71885767]
 [13.37824963]]
id: 15 , cur_R [[ 0.99990055 -0.01363996 -0.00358344]
 [ 0.01365195  0.99990122  0.00334291]
 [ 0.00353748 -0.00339149  0.99998799]]
id: 15 , delta_t [[-0.036281  ]
 [-0.42573094]
 [ 0.90412215]]
id: 15 , delta_R [[ 9.99999680e-01 -6.23142951e-04  5.02197098e-04]
 [ 6.23200148e-04  9.99999799e-01 -1.13744797e-04]
 [-5.02126118e-04  1.14057730e-04  9.99999867e-01]]
id: 15 , current state: States.Forward_correct_lane
id: 16 , cur_t [[ 0.2258208 ]
 [-7.15151485]
 [14.27974212]]
id: 16 , cur_R [[ 0.99994757 -0.00986948 -0.00272885]
 [ 0.00987903  0.99994504  0.00351107]
 [ 0.00269405 -0.00353784  0.99999011]]
id: 16 , delta_t [[-0.01362823]
 [-0.43552301]
 [ 0.90007443]]
id: 16 , delta_R [[ 9.99992525e-01  3.77360589e-03  8.41952064e-04]
 [-3.77373740e-03  9.99992867e-01  1.54662067e-04]
 [-8.41362426e-04 -1.57838217e-04  9.99999634e-01]]
id: 16 , current state: States.Forward_correct_lane
id: 17 , cur_t [[ 0.18318951]
 [-7.56676905]
 [15.18844807]]
id: 17 , cur_R [[ 0.99994542 -0.01033534 -0.00152898]
 [ 0.01034038  0.99994101  0.00332573]
 [ 0.00149452 -0.00334136  0.9999933 ]]
id: 17 , delta_t [[-0.04428327]
 [-0.41802549]
 [ 0.90735532]]
id: 17 , delta_R [[ 9.99999172e-01 -4.61644710e-04  1.20150227e-03]
 [ 4.61866203e-04  9.99999876e-01 -1.84076116e-04]
 [-1.20141714e-03  1.84630897e-04  9.99999261e-01]]
id: 17 , current state: States.Forward_correct_lane
id: 18 , cur_t [[ 0.18257001]
 [-8.00918099]
 [16.08525981]]
id: 18 , cur_R [[ 0.99996039 -0.0085941  -0.00231687]
 [ 0.00860109  0.99995844  0.00302418]
 [ 0.00229078 -0.00304399  0.99999274]]time=1640115354.5643148 Pos: [1.0925  0.      0.43875] angle 0
time=1640115354.679069 Pos: [1.1325  0.      0.43875] angle 0
time=1640115354.7879539 Pos: [1.1725  0.      0.43875] angle 0
time=1640115354.8992732 Pos: [1.2125  0.      0.43875] angle 0
time=1640115355.028414 Pos: [1.2525  0.      0.43875] angle 0
time=1640115355.1513247 Pos: [1.2925  0.      0.43875] angle 0
time=1640115355.2660449 Pos: [1.3325  0.      0.43875] angle 0
time=1640115355.3823645 Pos: [1.3725  0.      0.43875] angle 0
time=1640115355.4994388 Pos: [1.4125  0.      0.43875] angle 0
time=1640115355.6133752 Pos: [1.4525  0.      0.43875] angle 0
time=1640115355.7563298 Pos: [1.4925  0.      0.43875] angle 0
time=1640115355.8930037 Pos: [1.5325  0.      0.43875] angle 0
time=1640115356.0465527 Pos: [1.5725  0.      0.43875] angle 0
time=1640115356.1934454 Pos: [1.6125  0.      0.43875] angle 0
time=1640115356.3335965 Pos: [1.6525  0.      0.43875] angle 0
time=1640115356.4614112 Pos: [1.6925  0.      0.43875] angle 0
time=1640115356.6052644 Pos: [1.7325  0.      0.43875] angle 0

id: 18 , delta_t [[-0.00385387]
 [-0.44537601]
 [ 0.89533533]]
id: 18 , delta_R [[ 9.99998174e-01  1.73866996e-03 -7.93677837e-04]
 [-1.73891187e-03  9.99998442e-01 -3.04206679e-04]
 [ 7.93147685e-04  3.05586259e-04  9.99999639e-01]]
id: 18 , current state: States.Forward_correct_lane
id: 19 , cur_t [[ 0.1338416 ]
 [-8.4239607 ]
 [16.99387598]]
id: 19 , cur_R [[ 0.99998417 -0.00460712 -0.00323066]
 [ 0.00461822  0.99998343  0.00343739]
 [ 0.00321477 -0.00345226  0.99998887]]
id: 19 , delta_t [[-0.0502126 ]
 [-0.41710951]
 [ 0.9074681 ]]
id: 19 , delta_R [[ 9.99991634e-01  3.98425932e-03 -9.25864642e-04]
 [-3.98388665e-03  9.99991983e-01  4.04007127e-04]
 [ 9.27466889e-04 -4.00315207e-04  9.99999490e-01]]
id: 19 , current state: States.Forward_correct_lane
id: 20 , cur_t [[ 0.13802222]
 [-8.8691867 ]
 [17.88928445]]
id: 20 , cur_R [[ 0.99997702 -0.00649608 -0.00193729]
 [ 0.0065039   0.99997061  0.00405825]
 [ 0.00191087 -0.00407075  0.99998989]]
id: 20 , delta_t [[ 0.00500293]
 [-0.44832906]
 [ 0.89385459]]
id: 20 , delta_R [[ 9.99997379e-01 -1.88452280e-03  1.29985261e-03]
 [ 1.88370907e-03  9.99998029e-01  6.26957582e-04]
 [-1.30103157e-03 -6.24507395e-04  9.99998959e-01]]
id: 20 , current state: States.Forward_correct_lane
id: 21 , cur_t [[ 0.2113402 ]
 [-9.35243476]
 [18.76169249]]
id: 21 , cur_R [[ 0.99997494 -0.00585905 -0.00397301]
 [ 0.00587774  0.99997163  0.00471025]
 [ 0.0039453  -0.00473348  0.99998101]]
id: 21 , delta_t [[ 0.07184035]
 [-0.48726149]
 [ 0.87029604]]
id: 21 , delta_R [[ 9.99997725e-01  6.28741113e-04 -2.03829902e-03]
 [-6.27415779e-04  9.99999591e-01  6.50790032e-04]
 [ 2.03870736e-03 -6.49509690e-04  9.99997711e-01]]
id: 21 , current state: States.Forward_correct_lane
id: 22 , cur_t [[ 0.24830482]
 [-9.81058242]
 [19.64979965]]
id: 22 , cur_R [[ 0.99995868 -0.00898107 -0.00140382]
 [ 0.00898847  0.99994527  0.00535373]
 [ 0.00135566 -0.00536613  0.99998468]]
id: 22 , delta_t [[ 0.03777468]
 [-0.46255508]
 [ 0.88578545]]
id: 22 , delta_R [[ 9.99991826e-01 -3.10992782e-03  2.58385495e-03]
 [ 3.10824285e-03  9.99994954e-01  6.55873398e-04]
 [-2.58588163e-03 -6.47836788e-04  9.99996447e-01]]
id: 22 , current state: States.Forward_correct_lane
id: 23 , cur_t [[  0.93928201]
 [-10.44965574]
 [ 19.98763959]]
id: 23 , cur_R [[ 0.99995743 -0.00884546 -0.00262738]
 [ 0.00886132  0.99994221  0.00608724]
 [ 0.00257338 -0.00611026  0.99997802]]
id: 23 , delta_t [[ 0.68566234]
 [-0.64705695]
 [ 0.33344333]]
id: 23 , delta_R [[ 9.99999242e-01  1.29041564e-04 -1.22426648e-03]
 [-1.28143821e-04  9.99999723e-01  7.33340694e-04]
 [ 1.22436077e-03 -7.33183256e-04  9.99998982e-01]]
id: 23 , current state: States.Forward_correct_lane
id: 24 , cur_t [[  0.84221459]
 [-10.82331098]
 [ 20.91011435]]
id: 24 , cur_R [[ 0.99995743 -0.00884546 -0.00262738]
 [ 0.00886132  0.99994221  0.00608724]
 [ 0.00257338 -0.00611026  0.99997802]]
id: 24 , delta_t [[-0.09800049]
 [-0.3784116 ]
 [ 0.92043499]]
id: 24 , delta_R [[ 1.00000000e+00  5.78703752e-15 -6.19504448e-14]
 [-5.40539835e-15  1.00000000e+00  8.82627305e-15]
 [ 6.21863672e-14 -8.82627305e-15  1.00000000e+00]]
id: 24 , current state: States.Forward_correct_lane
id: 25 , cur_t [[  1.15139911]
 [-11.4096017 ]
 [ 21.6588921 ]]
id: 25 , cur_R [[ 0.99997762 -0.0065091   0.00154914]
 [ 0.00650442  0.99997432  0.00300986]
 [-0.0015687  -0.00299971  0.99999427]]
id: 25 , delta_t [[ 0.30590294]
 [-0.59356695]
 [ 0.74438006]]
id: 25 , delta_R [[ 0.99998855  0.00236182  0.00416221]
 [-0.002349    0.99999249 -0.00308358]
 [-0.00416946  0.00307377  0.99998658]]
id: 25 , current state: States.Forward_correct_lane
id: 26 , cur_t [[  1.16756576]
 [-11.86580658]
 [ 22.54862001]]
id: 26 , cur_R [[ 0.99997762 -0.0065091   0.00154914]
 [ 0.00650442  0.99997432  0.00300986]
 [-0.0015687  -0.00299971  0.99999427]]
id: 26 , delta_t [[ 0.01180323]
 [-0.45896732]
 [ 0.88837474]]
id: 26 , delta_R [[ 1.00000000e+00 -1.37780499e-11 -4.48819801e-12]
 [ 1.37781158e-11  1.00000000e+00 -1.00308650e-13]
 [ 4.48822923e-12  1.00197628e-13  1.00000000e+00]]
id: 26 , current state: States.Forward_correct_lane
id: 27 , cur_t [[  1.26699158]
 [-12.3567292 ]
 [ 23.41413112]]
id: 27 , cur_R [[ 9.99956191e-01 -9.34030380e-03  6.12713532e-04]
 [ 9.33892546e-03  9.99953938e-01  2.21513070e-03]
 [-6.33375302e-04 -2.20931157e-03  9.99997359e-01]]
id: 27 , delta_t [[ 0.09487271]
 [-0.49415347]
 [ 0.86418257]]
id: 27 , delta_R [[ 9.99995553e-01 -2.83408572e-03 -9.27899345e-04]
 [ 2.83334454e-03  9.99995667e-01 -7.99105289e-04]
 [ 9.30160057e-04  7.96472677e-04  9.99999250e-01]]
id: 27 , current state: States.Forward_correct_lane
id: 28 , cur_t [[  1.35833341]
 [-12.84864519]
 [ 24.27996905]]
id: 28 , cur_R [[ 0.99991699 -0.01274643 -0.00188033]
 [ 0.01275321  0.99991205  0.00363847]
 [ 0.00183379 -0.00366215  0.99999161]]
id: 28 , delta_t [[ 0.08619545]
 [-0.4946594 ]
 [ 0.86480196]]
id: 28 , delta_R [[ 0.99999109 -0.00341185 -0.00248549]
 [ 0.00341539  0.99999316  0.00142126]
 [ 0.00248062 -0.00142974  0.9999959 ]]
id: 28 , current state: States.Forward_correct_lane
id: 29 , cur_t [[  1.39528021]
 [-13.30538548]
 [ 25.16880157]]
id: 29 , cur_R [[ 0.99996495 -0.00809852 -0.00212296]
 [ 0.00810283  0.99996511  0.00202989]
 [ 0.00210645 -0.00204702  0.99999569]]
id: 29 , delta_t [[ 0.03274877]
 [-0.4604261 ]
 [ 0.88709375]]
id: 29 , delta_R [[ 9.99989168e-01  4.64722957e-03 -2.59560715e-04]
 [-4.64764343e-03  9.99987892e-01 -1.61728273e-03]
 [ 2.52041688e-04  1.61847155e-03  9.99998659e-01]]
id: 29 , current state: States.Forward_correct_lane
id: 30 , cur_t [[  1.4192291 ]
 [-13.75654225]
 [ 26.06092489]]
id: 30 , cur_R [[ 0.99997577 -0.00637807 -0.00278809]
 [ 0.00638279  0.99997821  0.00168769]
 [ 0.00277727 -0.00170545  0.99999469]]
id: 30 , delta_t [[ 0.02217161]
 [-0.45316117]
 [ 0.89115283]]
id: 30 , delta_R [[ 9.99998299e-01  1.71912803e-03 -6.68624234e-04]
 [-1.71935955e-03  9.99998462e-01 -3.45848361e-04]
 [ 6.68028648e-04  3.46997378e-04  9.99999717e-01]]
id: 30 , current state: States.Forward_correct_lane
id: 31 , cur_t [[  1.42449832]
 [-14.20399048]
 [ 26.95521921]]
id: 31 , cur_R [[ 9.99986731e-01 -3.51336313e-03 -3.76763527e-03]
 [ 3.51494164e-03  9.99993738e-01  4.12425668e-04]
 [ 3.76616268e-03 -4.25663213e-04  9.99992817e-01]]
id: 31 , delta_t [[ 0.00489682]
 [-0.44899726]
 [ 0.89351972]]
id: 31 , delta_R [[ 9.99995417e-01  2.86305817e-03 -9.84395221e-04]
 [-2.86432043e-03  9.99995074e-01 -1.28325236e-03]
 [ 9.80716346e-04  1.28606610e-03  9.99998692e-01]]
id: 31 , current state: States.Forward_correct_lane
id: 32 , cur_t [[  1.54101428]
 [-14.70802941]
 [ 27.81100468]]
id: 32 , cur_R [[ 0.99994207 -0.006115   -0.00885776]
 [ 0.00615541  0.99997074  0.0045418 ]
 [ 0.00882973 -0.00459606  0.99995045]]
id: 32 , delta_t [[ 0.11796578]
 [-0.50480942]
 [ 0.85513246]]
id: 32 , delta_R [[ 0.99998366 -0.00260388 -0.00508915]
 [ 0.00262496  0.99998799  0.0041393 ]
 [ 0.00507831 -0.00415259  0.99997848]]
id: 32 , current state: States.Forward_correct_lane
id: 33 , cur_t [[  1.49809502]
 [-15.12612989]
 [ 28.718391  ]]
id: 33 , cur_R [[ 0.99990359 -0.01020895 -0.00941161]
 [ 0.01024459  0.99994051  0.00374582]
 [ 0.00937281 -0.00384188  0.99994869]]
id: 33 , delta_t [[-0.03747837]
 [-0.42199619]
 [ 0.9058226 ]]
id: 33 , delta_R [[ 9.99991466e-01 -4.09658122e-03 -5.35346808e-04]
 [ 4.09617393e-03  9.99991322e-01 -7.59690412e-04]
 [ 5.38454296e-04  7.57491055e-04  9.99999568e-01]]
id: 33 , current state: States.Forward_correct_lane
id: 34 , cur_t [[  1.46940879]
 [-15.54802275]
 [ 29.62458276]]
id: 34 , cur_R [[ 0.99984643 -0.01557273 -0.00803744]
 [ 0.01560574  0.99986997  0.0040618 ]
 [ 0.00797314 -0.0041866   0.99995945]]
id: 34 , delta_t [[-0.02451203]
 [-0.42505639]
 [ 0.90483492]]
id: 34 , delta_R [[ 9.99984669e-01 -5.35889375e-03  1.39417030e-03]
 [ 5.35838768e-03  9.99985577e-01  3.66476969e-04]
 [-1.39611410e-03 -3.59000846e-04  9.99998961e-01]]
id: 34 , current state: States.Forward_correct_lane
id: 35 , cur_t [[  1.44020809]
 [-15.9731138 ]
 [ 30.52926222]]
id: 35 , cur_R [[ 0.99981541 -0.01834194 -0.00572089]
 [ 0.01836711  0.99982172  0.00437979]
 [ 0.00563953 -0.00448406  0.99997404]]
id: 35 , delta_t [[-0.02861694]
 [-0.42836857]
 [ 0.90315084]]time=1640115356.765766 Pos: [1.7725  0.      0.43875] angle 0
time=1640115356.9143004 Pos: [1.8125  0.      0.43875] angle 0
time=1640115357.0430117 Pos: [1.8525  0.      0.43875] angle 0
time=1640115357.1777403 Pos: [1.8925  0.      0.43875] angle 0
time=1640115357.2988718 Pos: [1.9325  0.      0.43875] angle 0
time=1640115357.4493034 Pos: [1.9725  0.      0.43875] angle 0
time=1640115357.5884418 Pos: [2.0125  0.      0.43875] angle 0
time=1640115357.7544897 Pos: [2.0525  0.      0.43875] angle 0
time=1640115357.9056416 Pos: [2.0925  0.      0.43875] angle 0
time=1640115358.0429742 Pos: [2.1325  0.      0.43875] angle 0
time=1640115358.1894236 Pos: [2.1725  0.      0.43875] angle 0
time=1640115358.3341374 Pos: [2.2125  0.      0.43875] angle 0
time=1640115358.4641259 Pos: [2.2525  0.      0.43875] angle 0
time=1640115358.6174889 Pos: [2.2925  0.      0.43875] angle 0
time=1640115358.7482114 Pos: [2.3325  0.      0.43875] angle 0
time=1640115358.9112117 Pos: [2.3725  0.      0.43875] angle 0
time=1640115359.0699873 Pos: [2.4125  0.      0.43875] angle 0

id: 35 , delta_R [[ 9.99993482e-01 -2.75992646e-03  2.32780990e-03]
 [ 2.75914186e-03  9.99996136e-01  3.40198041e-04]
 [-2.32873982e-03 -3.33773065e-04  9.99997233e-01]]
id: 35 , current state: States.Forward_correct_lane
id: 36 , cur_t [[  1.30440397]
 [-16.32778224]
 [ 31.45433927]]
id: 36 , cur_R [[ 0.999799   -0.01911955 -0.00603268]
 [ 0.01914465  0.99980819  0.00413041]
 [ 0.00595255 -0.00424507  0.99997327]]
id: 36 , delta_t [[-0.13707628]
 [-0.35626239]
 [ 0.92427658]]
id: 36 , delta_R [[ 9.99999649e-01 -7.79139420e-04 -3.08394175e-04]
 [ 7.79063900e-04  9.99999667e-01 -2.44924261e-04]
 [ 3.08584902e-04  2.44683916e-04  9.99999922e-01]]
id: 36 , current state: States.Forward_correct_lane
id: 37 , cur_t [[  1.26158487]
 [-16.74518506]
 [ 32.36205145]]
id: 37 , cur_R [[ 0.99982882 -0.01769695 -0.0053992 ]
 [ 0.01772017  0.99983381  0.00428239]
 [ 0.00532252 -0.00437733  0.99997625]]
id: 37 , delta_t [[-0.04539833]
 [-0.42035739]
 [ 0.90622219]]
id: 37 , delta_R [[ 9.99998787e-01  1.42550811e-03  6.27605356e-04]
 [-1.42559837e-03  9.99998974e-01  1.43386673e-04]
 [-6.27400313e-04 -1.44281212e-04  9.99999793e-01]]
id: 37 , current state: States.Forward_correct_lane
id: 38 , cur_t [[  1.29445785]
 [-17.19513211]
 [ 33.25450146]]
id: 38 , cur_R [[ 0.99982706 -0.01842571 -0.00251804]
 [ 0.01843311  0.99982575  0.00294921]
 [ 0.00246326 -0.00299511  0.99999248]]
id: 38 , delta_t [[ 0.0296443 ]
 [-0.45436058]
 [ 0.89032448]]
id: 38 , delta_R [[ 9.99995584e-01 -7.16323189e-04  2.88427072e-03]
 [ 7.20159676e-04  9.99998857e-01 -1.32932230e-03]
 [-2.88331519e-03  1.33139357e-03  9.99994957e-01]]
id: 38 , current state: States.Forward_correct_lane
id: 39 , cur_t [[  1.34486391]
 [-17.65585407]
 [ 34.14061347]]
id: 39 , cur_R [[ 0.99980796 -0.01935454 -0.00307479]
 [ 0.01936301  0.99980874  0.00274924]
 [ 0.00302099 -0.00280825  0.99999149]]
id: 39 , delta_t [[ 0.04408753]
 [-0.46422445]
 [ 0.88461966]]
id: 39 , delta_R [[ 9.99999413e-01 -9.30670640e-04 -5.54008109e-04]
 [ 9.30561281e-04  9.99999548e-01 -1.97621156e-04]
 [ 5.54191778e-04  1.97105501e-04  9.99999827e-01]]
id: 39 , current state: States.Forward_correct_lane
id: 40 , cur_t [[  1.37265964]
 [-18.11306957]
 [ 35.02953495]]
id: 40 , cur_R [[ 0.99985835 -0.01669794 -0.00211079]
 [ 0.01670358  0.99985688  0.00268543]
 [ 0.00206565 -0.00272031  0.99999417]]
id: 40 , delta_t [[ 0.02162273]
 [-0.46016234]
 [ 0.88757145]]
id: 40 , delta_R [[ 9.99996005e-01  2.65972371e-03  9.56677712e-04]
 [-2.65965606e-03  9.99996461e-01 -7.19787361e-05]
 [-9.56865769e-04  6.94340149e-05  9.99999540e-01]]
id: 40 , current state: States.Forward_correct_lane
id: 41 , cur_t [[  1.38949733]
 [-18.56015954]
 [ 35.92386545]]
id: 41 , cur_R [[ 0.99988873 -0.01483918 -0.00152821]
 [ 0.01484413  0.99988444  0.00327963]
 [ 0.00147936 -0.00330195  0.99999345]]
id: 41 , delta_t [[ 0.01121468]
 [-0.44974   ]
 [ 0.89308911]]
id: 41 , delta_R [[ 9.99998102e-01  1.86056757e-03  5.77587357e-04]
 [-1.86090849e-03  9.99998094e-01  5.90283382e-04]
 [-5.76487995e-04 -5.91357099e-04  9.99999659e-01]]
id: 41 , current state: States.Forward_correct_lane
id: 42 , cur_t [[  1.4903759 ]
 [-19.05915155]
 [ 36.78458056]]
id: 42 , cur_R [[ 0.99982683 -0.0183044  -0.00335623]
 [ 0.01832113  0.99981954  0.00502283]
 [ 0.00326368 -0.00508345  0.99998175]]
id: 42 , delta_t [[ 0.09473356]
 [-0.50327334]
 [ 0.8589188 ]]
id: 42 , delta_R [[ 0.99999232 -0.00347174 -0.00181666]
 [ 0.00347491  0.99999243  0.00174854]
 [ 0.00181057 -0.00175484  0.99999682]]
id: 42 , current state: States.Forward_correct_lane
id: 43 , cur_t [[  1.86845061]
 [-19.65768383]
 [ 37.49085148]]
id: 43 , cur_R [[ 0.99987371 -0.01577213 -0.00195138]
 [ 0.0157792   0.99986881  0.00365913]
 [ 0.00189342 -0.00368946  0.9999914 ]]
id: 43 , delta_t [[ 0.3693485 ]
 [-0.608935  ]
 [ 0.70198281]]
id: 43 , delta_R [[ 0.99999581  0.00253972  0.0013921 ]
 [-0.00253781  0.99999584 -0.00137222]
 [-0.00139558  0.00136868  0.99999809]]
id: 43 , current state: States.Forward_correct_lane
id: 44 , cur_t [[  2.71069943]
 [-20.18700625]
 [ 37.38870104]]
id: 44 , cur_R [[ 9.99852500e-01 -1.71661456e-02  5.49568149e-04]
 [ 1.71651380e-02  9.99851069e-01  1.78847057e-03]
 [-5.80187448e-04 -1.77877336e-03  9.99998250e-01]]
id: 44 , delta_t [[ 0.83359675]
 [-0.54216015]
 [-0.10572997]]
id: 44 , delta_R [[ 0.9999959  -0.00138501  0.00250603]
 [ 0.00138969  0.99999729 -0.00186795]
 [-0.00250344  0.00187142  0.99999512]]
id: 44 , current state: States.Forward_correct_lane
id: 45 , cur_t [[  2.74514611]
 [-20.64669838]
 [ 38.27611108]]
id: 45 , cur_R [[ 0.99981806 -0.01895558  0.0021288 ]
 [ 0.01895053  0.99981761  0.00237101]
 [-0.00217336 -0.00233024  0.99999492]]
id: 45 , delta_t [[ 0.02603605]
 [-0.46179349]
 [ 0.88660527]]
id: 45 , delta_R [[ 9.99997151e-01 -1.78693781e-03  1.58243689e-03]
 [ 1.78601946e-03  9.99998236e-01  5.81560432e-04]
 [-1.58347331e-03 -5.78732513e-04  9.99998579e-01]]
id: 45 , current state: States.Forward_correct_lane
id: 46 , cur_t [[  3.48227998]
 [-21.27374731]
 [ 38.52799061]]
id: 46 , cur_R [[ 0.99981806 -0.01895558  0.0021288 ]
 [ 0.01895053  0.99981761  0.00237101]
 [-0.00217336 -0.00233024  0.99999492]]
id: 46 , delta_t [[ 0.72456942]
 [-0.6414943 ]
 [ 0.25196073]]
id: 46 , delta_R [[ 1.00000000e+00 -6.10622664e-16  6.66133815e-16]
 [ 4.99600361e-16  1.00000000e+00  9.43689571e-16]
 [ 4.16333634e-16 -3.60822483e-16  1.00000000e+00]]
id: 46 , current state: States.Forward_correct_lane
id: 47 , cur_t [[  3.55195511]
 [-21.74891746]
 [ 39.40512156]]
id: 47 , cur_R [[ 9.99697868e-01 -2.45619940e-02  9.38538339e-04]
 [ 2.45566631e-02  9.99684271e-01  5.32242330e-03]
 [-1.06897134e-03 -5.29776785e-03  9.99985395e-01]]
id: 47 , delta_t [[ 0.05875141]
 [-0.47844814]
 [ 0.87614819]]
id: 47 , delta_R [[ 0.99998357 -0.00561049 -0.00117693]
 [ 0.00561393  0.99997992  0.00293953]
 [ 0.00116042 -0.00294609  0.99999499]]
id: 47 , current state: States.Forward_correct_lane
id: 48 , cur_t [[  3.6026097 ]
 [-22.20722422]
 [ 40.29247099]]
id: 48 , cur_R [[ 9.99788792e-01 -2.05511109e-02  1.55404065e-04]
 [ 2.05501078e-02  9.99776907e-01  4.88149081e-03]
 [-2.55689454e-04 -4.87726622e-03  9.99988073e-01]]
id: 48 , delta_t [[ 0.03843625]
 [-0.46410721]
 [ 0.88494472]]
id: 48 , delta_R [[ 9.99991646e-01  4.00768136e-03 -8.04468759e-04]
 [-4.00803393e-03  9.99991872e-01 -4.37133924e-04]
 [ 8.02710327e-04  4.40354610e-04  9.99999581e-01]]
id: 48 , current state: States.Forward_correct_lane
id: 49 , cur_t [[  3.64926662]
 [-22.66884733]
 [ 41.17831931]]
id: 49 , cur_R [[ 9.99806568e-01 -1.96607041e-02  5.32087509e-04]
 [ 1.96578468e-02  9.99794623e-01  4.92753387e-03]
 [-6.28857016e-04 -4.91612103e-03  9.99987718e-01]]
id: 49 , delta_t [[ 0.03693416]
 [-0.46679949]
 [ 0.88359159]]
id: 49 , delta_R [[ 9.99999532e-01  8.92412212e-04  3.72331656e-04]
 [-8.92429468e-04  9.99999601e-01  4.61842519e-05]
 [-3.72290292e-04 -4.65165100e-05  9.99999930e-01]]
id: 49 , current state: States.Forward_correct_lane
id: 50 , cur_t [[  3.67074449]
 [-23.11076014]
 [ 42.07512016]]
id: 50 , cur_R [[ 9.99867188e-01 -1.62925072e-02 -4.00343852e-04]
 [ 1.62940249e-02  9.99858687e-01  4.13652187e-03]
 [ 3.32892966e-04 -4.14249570e-03  9.99991364e-01]]
id: 50 , delta_t [[ 0.01222271]
 [-0.4466531 ]
 [ 0.89462373]]
id: 50 , delta_R [[ 9.99993891e-01  3.36410223e-03 -9.49016494e-04]
 [-3.36485165e-03  9.99994027e-01 -7.89201872e-04]
 [ 9.46355871e-04  7.92390350e-04  9.99999238e-01]]
id: 50 , current state: States.Forward_correct_lane
id: 51 , cur_t [[  3.61870411]
 [-23.51411441]
 [ 42.98868304]]
id: 51 , cur_R [[ 9.99919897e-01 -1.26569563e-02  8.61874516e-06]
 [ 1.26567771e-02  9.99908928e-01  4.68416319e-03]
 [-6.79052091e-05 -4.68367889e-03  9.99989029e-01]]
id: 51 , delta_t [[-0.05830162]
 [-0.40623383]
 [ 0.91190734]]
id: 51 , delta_R [[ 9.99993306e-01  3.63758764e-03  3.93916359e-04]
 [-3.63780254e-03  9.99993234e-01  5.46217653e-04]
 [-3.91926779e-04 -5.47646987e-04  9.99999773e-01]]
id: 51 , current state: States.Forward_correct_lane
id: 52 , cur_t [[  3.63126737]
 [-23.95883368]
 [ 43.88426493]]
id: 52 , cur_R [[ 9.99920993e-01 -1.25700598e-02  4.70230896e-05]
 [ 1.25697011e-02  9.99910000e-01  4.68976811e-03]
 [-1.05969523e-04 -4.68880652e-03  9.99989002e-01]]time=1640115359.214619 Pos: [2.4525  0.      0.43875] angle 0
time=1640115359.3416517 Pos: [2.4925  0.      0.43875] angle 0
time=1640115359.4788651 Pos: [2.5325  0.      0.43875] angle 0
time=1640115359.6180544 Pos: [2.5725  0.      0.43875] angle 0
time=1640115359.7736902 Pos: [2.6125  0.      0.43875] angle 0
time=1640115359.9266129 Pos: [2.6525  0.      0.43875] angle 0
time=1640115360.0639622 Pos: [2.6925  0.      0.43875] angle 0
time=1640115360.1934788 Pos: [2.7325  0.      0.43875] angle 0
time=1640115360.3225007 Pos: [2.7725  0.      0.43875] angle 0
time=1640115360.483674 Pos: [2.8125  0.      0.43875] angle 0
time=1640115360.643274 Pos: [2.8525  0.      0.43875] angle 0
time=1640115360.7979534 Pos: [2.8925  0.      0.43875] angle 0
time=1640115360.9324806 Pos: [2.9325  0.      0.43875] angle 0
time=1640115361.0824242 Pos: [2.9725  0.      0.43875] angle 0
time=1640115361.2384512 Pos: [3.0125  0.      0.43875] angle 0
time=1640115361.3758883 Pos: [3.0525  0.      0.43875] angle 0

id: 52 , delta_t [[ 0.00687273]
 [-0.44903241]
 [ 0.89348904]]
id: 52 , delta_R [[ 9.99999995e-01  8.70823653e-05  3.79968533e-05]
 [-8.70825784e-05  9.99999996e-01  5.60575216e-06]
 [-3.79963650e-05 -5.60906100e-06  9.99999999e-01]]
id: 52 , current state: States.Forward_correct_lane
id: 53 , cur_t [[  3.58544409]
 [-24.36459674]
 [ 44.79709382]]
id: 53 , cur_R [[ 9.99843064e-01 -1.77124407e-02 -3.41215324e-04]
 [ 1.77138429e-02  9.99832171e-01  4.67436846e-03]
 [ 2.58363584e-04 -4.67967912e-03  9.99989017e-01]]
id: 53 , delta_t [[-0.05101671]
 [-0.40943061]
 [ 0.91091375]]
id: 53 , delta_R [[ 9.99986700e-01 -5.14471836e-03 -3.64114256e-04]
 [ 5.14471303e-03  9.99986766e-01 -1.55796763e-05]
 [ 3.64189591e-04  1.37062057e-05  9.99999934e-01]]
id: 53 , current state: States.Forward_correct_lane
id: 54 , cur_t [[  3.6311966 ]
 [-24.82453572]
 [ 45.68386483]]
id: 54 , cur_R [[ 9.99838830e-01 -1.79446713e-02 -5.49759291e-04]
 [ 1.79471206e-02  9.99827260e-01  4.83218836e-03]
 [ 4.62952294e-04 -4.84127616e-03  9.99988174e-01]]
id: 54 , delta_t [[ 0.03782715]
 [-0.46482199]
 [ 0.88459574]]
id: 54 , delta_R [[ 9.99999951e-01 -2.33241397e-04 -2.07456006e-04]
 [ 2.33274156e-04  9.99999960e-01  1.57901421e-04]
 [ 2.07419169e-04 -1.57949807e-04  9.99999966e-01]]
id: 54 , current state: States.Forward_correct_lane
id: 55 , cur_t [[  3.58859374]
 [-25.23363615]
 [ 46.59535912]]
id: 55 , cur_R [[ 9.99853895e-01 -1.70825517e-02 -6.12419938e-04]
 [ 1.70852780e-02  9.99842688e-01  4.76367734e-03]
 [ 5.30947832e-04 -4.77344470e-03  9.99988466e-01]]
id: 55 , delta_t [[-0.04951619]
 [-0.41267806]
 [ 0.90953008]]
id: 55 , delta_R [[ 9.99999626e-01  8.61938209e-04 -6.68266905e-05]
 [-8.61942819e-04  9.99999626e-01 -6.89838967e-05]
 [ 6.67672057e-05  6.90414717e-05  9.99999995e-01]]
id: 55 , current state: States.Forward_correct_lane
id: 56 , cur_t [[  3.63897119]
 [-25.68442952]
 [ 47.48656474]]
id: 56 , cur_R [[ 9.99848130e-01 -1.74236810e-02 -3.64884875e-04]
 [ 1.74252800e-02  9.99835819e-01  4.96945655e-03]
 [ 2.78238742e-04 -4.97506006e-03  9.99987586e-01]]
id: 56 , delta_t [[ 0.04314134]
 [-0.45583715]
 [ 0.88901705]]
id: 56 , delta_R [[ 9.99999911e-01 -3.39994926e-04  2.49157508e-04]
 [ 3.39943605e-04  9.99999921e-01  2.05990156e-04]
 [-2.49227524e-04 -2.05905438e-04  9.99999948e-01]]
id: 56 , current state: States.Forward_correct_lane
id: 57 , cur_t [[  3.64519616]
 [-26.12530241]
 [ 48.3841127 ]]
id: 57 , cur_R [[ 9.99813314e-01 -1.92976704e-02  9.68223151e-04]
 [ 1.92924502e-02  9.99800678e-01  5.13863533e-03]
 [-1.06719385e-03 -5.11899662e-03  9.99986328e-01]]
id: 57 , delta_t [[-0.00120857]
 [-0.44537433]
 [ 0.89534365]]
id: 57 , delta_R [[ 9.99997355e-01 -1.86766360e-03  1.34240500e-03]
 [ 1.86743722e-03  9.99998242e-01  1.69871026e-04]
 [-1.34271990e-03 -1.67363720e-04  9.99999085e-01]]
id: 57 , current state: States.Forward_correct_lane
id: 58 , cur_t [[  3.70979519]
 [-26.5959993 ]
 [ 49.26403963]]
id: 58 , cur_R [[ 9.99769525e-01 -2.14528429e-02 -8.19679335e-04]
 [ 2.14580344e-02  9.99745521e-01  6.96033446e-03]
 [ 6.70151782e-04 -6.97631899e-03  9.99975441e-01]]
id: 58 , delta_t [[ 0.05456702]
 [-0.47635402]
 [ 0.87755871]]
id: 58 , delta_R [[ 0.99999608 -0.00216478 -0.0017768 ]
 [ 0.00216801  0.99999599  0.00181965]
 [ 0.00177285 -0.00182349  0.99999677]]
id: 58 , current state: States.Forward_correct_lane
id: 59 , cur_t [[  3.80478634]
 [-27.07185936]
 [ 50.13841591]]
id: 59 , cur_R [[ 0.99977227 -0.02104764 -0.00352169]
 [ 0.02107517  0.99974612  0.00797118]
 [ 0.00335302 -0.00804359  0.99996203]]
id: 59 , delta_t [[ 0.08534421]
 [-0.48387673]
 [ 0.8709648 ]]
id: 59 , delta_R [[ 9.99996267e-01  3.86347605e-04 -2.70477085e-03]
 [-3.83615474e-04  9.99999416e-01  1.01056162e-03]
 [ 2.70515970e-03 -1.00952025e-03  9.99995831e-01]]
id: 59 , current state: States.Forward_correct_lane
id: 60 , cur_t [[  3.85183151]
 [-27.52867979]
 [ 51.02672996]]
id: 60 , cur_R [[ 0.99977227 -0.02104764 -0.00352169]
 [ 0.02107517  0.99974612  0.00797118]
 [ 0.00335302 -0.00804359  0.99996203]]
id: 60 , delta_t [[ 0.04038542]
 [-0.46483987]
 [ 0.88447324]]
id: 60 , delta_R [[ 1.00000000e+00 -4.56322480e-13 -1.81403503e-13]
 [ 4.56135130e-13  1.00000000e+00 -4.40758541e-14]
 [ 1.81264725e-13  4.42978987e-14  1.00000000e+00]]
id: 60 , current state: States.Forward_correct_lane
id: 61 , cur_t [[  3.80923291]
 [-27.93951389]
 [ 51.93744435]]
id: 61 , cur_R [[ 0.99978103 -0.02034104 -0.00491196]
 [ 0.0203785   0.99976268  0.00770064]
 [ 0.00475416 -0.00779905  0.99995829]]
id: 61 , delta_t [[-0.04819366]
 [-0.4171586 ]
 [ 0.907555  ]]
id: 61 , delta_R [[ 9.99998784e-01  6.95531432e-04 -1.39587002e-03]
 [-6.95913158e-04  9.99999721e-01 -2.73001448e-04]
 [ 1.39567975e-03  2.73972520e-04  9.99998989e-01]]
id: 61 , current state: States.Forward_correct_lane
id: 62 , cur_t [[  3.83204775]
 [-28.38459184]
 [ 52.8326455 ]]
id: 62 , cur_R [[ 0.99969952 -0.02434212 -0.00288493]
 [ 0.02436601  0.99966646  0.00855979]
 [ 0.0026756  -0.00862751  0.9999592 ]]
id: 62 , delta_t [[ 0.01799576]
 [-0.45241812]
 [ 0.89162436]]
id: 62 , delta_R [[ 9.99989938e-01 -3.98618291e-03  2.05776342e-03]
 [ 3.98438141e-03  9.99991676e-01  8.78820879e-04]
 [-2.06124944e-03 -8.70613122e-04  9.99997497e-01]]
id: 62 , current state: States.Forward_correct_lane
id: 63 , cur_t [[  3.7708148 ]
 [-28.78114021]
 [ 53.74861489]]
id: 63 , cur_R [[ 0.99970769 -0.02407004  0.00227383]
 [ 0.02405433  0.9996882   0.00669976]
 [-0.00243439 -0.00664311  0.99997497]]
id: 63 , delta_t [[-0.06842609]
 [-0.4028281 ]
 [ 0.9127143 ]]
id: 63 , delta_R [[ 9.99986657e-01  3.16343296e-04  5.15622431e-03]
 [-3.06751228e-04  9.99998221e-01 -1.86097386e-03]
 [-5.15680385e-03  1.85936735e-03  9.99984975e-01]]
id: 63 , current state: States.Forward_correct_lane
id: 64 , cur_t [[  3.78103098]
 [-29.21743917]
 [ 54.64835866]]
id: 64 , cur_R [[ 0.99975575 -0.02194705  0.00260064]
 [ 0.0219298   0.99973848  0.00648482]
 [-0.00274229 -0.00642621  0.99997559]]
id: 64 , delta_t [[-0.00247201]
 [-0.44238591]
 [ 0.89682138]]
id: 64 , delta_R [[ 9.99997692e-01  2.12567695e-03  3.12583956e-04]
 [-2.12561134e-03  9.99997719e-01 -2.10092500e-04]
 [-3.13029832e-04  2.09427583e-04  9.99999929e-01]]
id: 64 , current state: States.Forward_correct_lane
id: 65 , cur_t [[  3.77761949]
 [-29.6501935 ]
 [ 55.54986409]]
id: 65 , cur_R [[ 0.99974333 -0.02215772  0.00472227]
 [ 0.02213075  0.9997389   0.00568908]
 [-0.00484709 -0.00558312  0.99997267]]
id: 65 , delta_t [[-0.01537305]
 [-0.43835955]
 [ 0.89866822]]
id: 65 , delta_R [[ 9.99997727e-01 -1.97128562e-04  2.12296276e-03]
 [ 1.98819411e-04  9.99999663e-01 -7.96275505e-04]
 [-2.12280508e-03  7.96695781e-04  9.99997429e-01]]
id: 65 , current state: States.Forward_correct_lane
id: 66 , cur_t [[  3.81141708]
 [-30.09535496]
 [ 56.44467636]]
id: 66 , cur_R [[ 0.99967975 -0.02462694  0.00582296]
 [ 0.02459315  0.99968069  0.00580495]
 [-0.00596406 -0.00565989  0.9999662 ]]
id: 66 , delta_t [[ 0.01959991]
 [-0.45078994]
 [ 0.89241485]]
id: 66 , delta_R [[ 9.99996344e-01 -2.46372519e-03  1.11475101e-03]
 [ 2.46361049e-03  9.99996960e-01  1.04254810e-04]
 [-1.11500447e-03 -1.01508117e-04  9.99999373e-01]]
id: 66 , current state: States.Forward_correct_lane
id: 67 , cur_t [[  3.83573165]
 [-30.5415414 ]
 [ 57.33928604]]
id: 67 , cur_R [[ 0.99975164 -0.02175967  0.00481371]
 [ 0.0217313   0.99974663  0.00586813]
 [-0.00494018 -0.00576206  0.9999712 ]]
id: 67 , delta_t [[ 0.00799815]
 [-0.45170615]
 [ 0.89213092]]
id: 67 , delta_R [[ 9.99995377e-01  2.86226931e-03 -1.02587361e-03]
 [-2.86218887e-03  9.99995901e-01  7.98681935e-05]
 [ 1.02609800e-03 -7.69315803e-05  9.99999471e-01]]
id: 67 , current state: States.Forward_correct_lane
id: 68 , cur_t [[  3.89572474]
 [-31.00209541]
 [ 58.22488799]]
id: 68 , cur_R [[ 0.99975309 -0.02161936  0.00513519]
 [ 0.0215904   0.99975104  0.0056309 ]
 [-0.00525564 -0.00551864  0.99997096]]
id: 68 , delta_t [[ 0.04559473]
 [-0.46684564]
 [ 0.88316265]]
id: 68 , delta_R [[ 9.99999938e-01  1.42184805e-04  3.20654823e-04]
 [-1.42108958e-04  9.99999962e-01 -2.36549080e-04]
 [-3.20688444e-04  2.36503498e-04  9.99999921e-01]]
id: 68 , current state: States.Forward_correct_lanetime=1640115361.5096376 Pos: [3.0925  0.      0.43875] angle 0
time=1640115361.6827865 Pos: [3.1325  0.      0.43875] angle 0
time=1640115361.8166919 Pos: [3.1725  0.      0.43875] angle 0
time=1640115361.9820414 Pos: [3.2125  0.      0.43875] angle 0
time=1640115362.1237314 Pos: [3.2525  0.      0.43875] angle 0
time=1640115362.2872536 Pos: [3.2925  0.      0.43875] angle 0
