False: Incorrect solution execution: 'VisualOdometry' object has no attribute 'img_id'
time=1640112974.5910463 gym-duckietown 2019.0.0

time=1640112974.9074855 Registering gym environment id: Duckietown-4way-v0
time=1640112974.9076507 Registering gym environment id: Duckietown-loop_dyn_duckiebots-v0
time=1640112974.907747 Registering gym environment id: Duckietown-loop_empty-v0
time=1640112974.9078293 Registering gym environment id: Duckietown-loop_obstacles-v0
time=1640112974.9079614 Registering gym environment id: Duckietown-loop_pedestrians-v0
time=1640112974.908053 Registering gym environment id: Duckietown-small_loop-v0
time=1640112974.9081433 Registering gym environment id: Duckietown-small_loop_cw-v0
time=1640112974.908229 Registering gym environment id: Duckietown-straight_road-v0
time=1640112974.9083157 Registering gym environment id: Duckietown-straight_road_10_tiles_no_start_tile-v0
time=1640112974.9083927 Registering gym environment id: Duckietown-straight_road_no_start_tile-v0
time=1640112974.9084778 Registering gym environment id: Duckietown-straight_road_trafficlight-v0
time=1640112974.9085753 Registering gym environment id: Duckietown-straight_road_with_side_floor-v0
time=1640112974.9086566 Registering gym environment id: Duckietown-udem1-v0
time=1640112974.908743 Registering gym environment id: Duckietown-zigzag_dists-v0
time=1640112976.7930171 Falling back to non-multisampled frame buffer
time=1640112976.7973967 Falling back to non-multisampled frame buffer
time=1640112976.8019822 loading map file "/home/appuser/aido-auto/gym-duckietown/gym_duckietown/maps/straight_road.yaml"
time=1640112976.8093984 loading mesh "duckiebot.obj"
time=1640112976.809702 loading materials from "/home/appuser/aido-auto/gym-duckietown/gym_duckietown/meshes/duckiebot.mtl"
time=1640112977.2309053 loading texture "straight_1.png"
time=1640112977.2485075 road_tile_size=0.585
time=1640112977.2490568 Starting at [0.2925  0.      0.43875] 0
time=1640112977.2493773 Pos: [0.2925  0.      0.43875] angle 0
time=1640112977.4127 using DuckietownEnv
/usr/local/lib/python3.6/dist-packages/gym/spaces/box.py:74: UserWarning: [33mWARN: Box bound precision lowered by casting to float32[0m
  "Box bound precision lowered by casting to {}".format(self.dtype)
time=1640112977.4141438 loading mesh "duckie.obj"
time=1640112977.463761 loading texture "duckie.png"
time=1640112978.1466112 Pos: [0.2925  0.      0.43875] angle 0
time=1640112978.4322097 Pos: [0.3325  0.      0.43875] angle 0
time=1640112978.5337892 Pos: [0.3725  0.      0.43875] angle 0
time=1640112978.6338341 Pos: [0.4125  0.      0.43875] angle 0
time=1640112978.725436 Pos: [0.4525  0.      0.43875] angle 0
time=1640112978.8233485 Pos: [0.4925  0.      0.43875] angle 0
time=1640112978.9268098 Pos: [0.5325  0.      0.43875] angle 0
time=1640112979.0159087 Pos: [0.5725  0.      0.43875] angle 0
time=1640112979.0989873 Pos: [0.6125  0.      0.43875] angle 0
time=1640112979.1824417 Pos: [0.6525  0.      0.43875] angle 0
time=1640112979.2663052 Pos: [0.6925  0.      0.43875] angle 0
time=1640112979.3499491 Pos: [0.7325  0.      0.43875] angle 0
time=1640112979.4324248 Pos: [0.7725  0.      0.43875] angle 0
time=1640112979.5181577 Pos: [0.8125  0.      0.43875] angle 0
time=1640112979.604889 Pos: [0.8525  0.      0.43875] angle 0
time=1640112979.68933 Pos: [0.8925  0.      0.43875] angle 0
time=1640112979.7737446 Pos: [0.9325  0.      0.43875] angle 0
time=1640112979.8548357 Pos: [0.9725  0.      0.43875] angle 0
time=1640112979.9377065 Pos: [1.0125  0.      0.43875] angle 0
time=1640112980.0269787 Pos: [1.0525  0.      0.43875] angle 0
env.road_tile_size = 0.585
id: 0 , cur_t None
id: 0 , cur_R None
id: 0 , delta_t None
id: 0 , delta_R None
id: 0 , current state: States.Forward_correct_lane
id: 1 , cur_t [[ 0.01392221]
 [-0.44598664]
 [ 0.89493133]]
id: 1 , cur_R [[ 9.99976462e-01 -6.63879457e-03 -1.73235215e-03]
 [ 6.63896165e-03  9.99977958e-01  9.07148752e-05]
 [ 1.73171173e-03 -1.02213760e-04  9.99998495e-01]]
id: 1 , delta_t None
id: 1 , delta_R None
id: 1 , current state: States.Forward_correct_lane
id: 2 , cur_t [[ 0.22342056]
 [-0.97492242]
 [ 1.71732867]]
id: 2 , cur_R [[ 9.99943766e-01 -9.55156626e-03 -4.60777023e-03]
 [ 9.55422334e-03  9.99954203e-01  5.54985002e-04]
 [ 4.60225824e-03 -5.98977460e-04  9.99989230e-01]]
id: 2 , delta_t [[ 0.20740599]
 [-0.53039899]
 [ 0.8219852 ]]
id: 2 , delta_R [[ 9.99991623e-01 -2.91318540e-03 -2.87517265e-03]
 [ 2.91454649e-03  9.99995643e-01  4.69320249e-04]
 [ 2.87379291e-03 -4.77696142e-04  9.99995757e-01]]
id: 2 , current state: States.Forward_correct_lane
id: 3 , cur_t [[ 0.33120592]
 [-1.44654173]
 [ 2.59251867]]
id: 3 , cur_R [[ 0.99990073 -0.01085128 -0.00898727]
 [ 0.0108706   0.9999387   0.00210356]
 [ 0.0089639  -0.00220105  0.9999574 ]]
id: 3 , delta_t [[ 0.1073012 ]
 [-0.47315146]
 [ 0.87442218]]
id: 3 , delta_R [[ 0.99998956 -0.0013025  -0.00437888]
 [ 0.00130932  0.99999793  0.00155463]
 [ 0.00437684 -0.00156035  0.9999892 ]]
id: 3 , current state: States.Forward_correct_lane
id: 4 , cur_t [[-0.53096806]
 [-1.10099025]
 [ 2.96299161]]
id: 4 , cur_R [[ 0.99970792 -0.01793812  0.01619559]
 [ 0.01814135  0.99975742 -0.01249009]
 [-0.01596761  0.01278025  0.99979083]]
id: 4 , delta_t [[-0.85501116]
 [ 0.35407057]
 [ 0.37893264]]
id: 4 , delta_R [[ 0.99965778 -0.00703553  0.02519566]
 [ 0.00740315  0.99986706 -0.01452746]
 [-0.0250901   0.01470901  0.99957698]]
id: 4 , current state: States.Forward_correct_lane
id: 5 , cur_t [[-0.43879104]
 [-1.55691991]
 [ 3.84822126]]
id: 5 , cur_R [[ 0.9996854  -0.0200498   0.01507034]
 [ 0.02024346  0.99971301 -0.01280982]
 [-0.01480918  0.01311087  0.99980438]]
id: 5 , delta_t [[ 0.06974391]
 [-0.44615909]
 [ 0.89223195]]
id: 5 , delta_R [[ 9.99997137e-01 -2.09752265e-03 -1.15163984e-03]
 [ 2.09711646e-03  9.99997738e-01 -3.53801335e-04]
 [ 1.15237934e-03  3.51385199e-04  9.99999274e-01]]
id: 5 , current state: States.Forward_correct_lane
id: 6 , cur_t [[ 0.2889972 ]
 [-2.15317126]
 [ 4.18705545]]
id: 6 , cur_R [[ 9.99872977e-01 -1.59352807e-02 -3.11399209e-04]
 [ 1.59336984e-02  9.99862681e-01 -4.55369003e-03]
 [ 3.83920777e-04  4.54814987e-03  9.99989583e-01]]
id: 6 , delta_t [[ 0.71047123]
 [-0.60622983]
 [ 0.35737379]]
id: 6 , delta_R [[ 0.99987322  0.00431417 -0.01532756]
 [-0.00418699  0.99995662  0.00832031]
 [ 0.01536279 -0.00825507  0.99984791]]
id: 6 , current state: States.Forward_correct_lane
id: 7 , cur_t [[ 0.31204815]
 [-2.59913667]
 [ 5.08180877]]
id: 7 , cur_R [[ 9.99839871e-01 -1.78921617e-02 -3.19454723e-04]
 [ 1.78905076e-02  9.99829411e-01 -4.59107519e-03]
 [ 4.01544488e-04  4.58462482e-03  9.99989410e-01]]
id: 7 , delta_t [[ 0.01628566]
 [-0.44220202]
 [ 0.89676761]]
id: 7 , delta_R [[ 9.99998085e-01 -1.95710309e-03 -1.69683280e-05]
 [ 1.95710247e-03  9.99998084e-01 -3.67848274e-05]
 [ 1.70402872e-05  3.67515482e-05  9.99999999e-01]]
id: 7 , current state: States.Forward_correct_lane
id: 8 , cur_t [[ 0.35250941]
 [-3.05354935]
 [ 5.97168067]]
id: 8 , cur_R [[ 9.99834263e-01 -1.82027935e-02 -3.24214753e-04]
 [ 1.82011320e-02  9.99824002e-01 -4.54786557e-03]
 [ 4.06941550e-04  4.54121074e-03  9.99989606e-01]]
id: 8 , delta_t [[ 0.03268243]
 [-0.45097938]
 [ 0.89193579]]
id: 8 , delta_R [[ 9.99999952e-01 -3.10657271e-04 -6.18636188e-06]
 [ 3.10657539e-04  9.99999951e-01  4.33091001e-05]
 [ 6.17290729e-06 -4.33110198e-05  9.99999999e-01]]
id: 8 , current state: States.Forward_correct_lane
id: 9 , cur_t [[ 0.36138031]
 [-3.4886894 ]
 [ 6.87199975]]
id: 9 , cur_R [[ 9.99851158e-01 -1.72493656e-02 -3.47006804e-04]
 [ 1.72469586e-02  9.99833046e-01 -6.03509618e-03]
 [ 4.51050451e-04  6.02821310e-03  9.99981728e-01]]
id: 9 , delta_t [[ 0.00131576]
 [-0.4311364 ]
 [ 0.90228581]]
id: 9 , delta_R [[ 9.99999545e-01  9.53671264e-04 -1.84552216e-05]
 [-9.53697662e-04  9.99998439e-01 -1.48756238e-03]
 [ 1.70365473e-05  1.48757931e-03  9.99998893e-01]]
id: 9 , current state: States.Forward_correct_lane
id: 10 , cur_t [[ 0.40707752]
 [-3.94419058]
 [ 7.7610613 ]]
id: 10 , cur_R [[ 9.99843860e-01 -1.76693476e-02 -2.23593998e-04]
 [ 1.76675102e-02  9.99822569e-01 -6.53376548e-03]
 [ 3.39001699e-04  6.52879495e-03  9.99978630e-01]]
id: 10 , delta_t [[ 0.03823541]
 [-0.45085393]
 [ 0.89177844]]
id: 10 , delta_R [[ 9.99999904e-01 -4.20782616e-04  1.20875518e-04]
 [ 4.20842827e-04  9.99999787e-01 -4.98533654e-04]
 [-1.20665718e-04  4.98584476e-04  9.99999868e-01]]
id: 10 , current state: States.Forward_correct_lane
id: 11 , cur_t [[ 0.40951668]
 [-4.37719392]
 [ 8.66245032]]
id: 11 , cur_R [[ 0.99986942 -0.01600897 -0.00220343]
 [ 0.01599139  0.99984188 -0.00777704]
 [ 0.00232759  0.00774079  0.99996733]]
id: 11 , delta_t [[-0.00490574]
 [-0.42708463]
 [ 0.90419835]]
id: 11 , delta_R [[ 0.99999666  0.00167347 -0.00196895]
 [-0.00167592  0.99999782 -0.00124369]
 [ 0.00196686  0.00124699  0.99999729]]
id: 11 , current state: States.Forward_correct_lane
id: 12 , cur_t [[ 0.46844034]
 [-4.84137096]
 [ 9.54623065]]
id: 12 , cur_R [[ 0.99982672 -0.01832025 -0.00330171]
 [ 0.01829271  0.99979915 -0.00818755]
 [ 0.00345105  0.00812574  0.99996103]]
id: 12 , delta_t [[ 0.0535502 ]
 [-0.45820579]
 [ 0.88723156]]
id: 12 , delta_R [[ 9.99996725e-01 -2.30305962e-03 -1.11623177e-03]
 [ 2.30260827e-03  9.99997267e-01 -4.05468802e-04]
 [ 1.11716254e-03  4.02897230e-04  9.99999295e-01]]
id: 12 , current state: States.Forward_correct_lane
id: 13 , cur_t [[ 0.52791337]
 [-5.29879846]
 [10.43348656]]
id: 13 , cur_R [[ 0.99980733 -0.01880567 -0.00562585]
 [ 0.01875856  0.99978949 -0.00831266]
 [ 0.00578099  0.00820552  0.99994962]]
id: 13 , delta_t [[ 0.0541571 ]
 [-0.45121558]
 [ 0.89077018]]
id: 13 , delta_R [[ 9.99997181e-01 -4.66644669e-04 -2.32806206e-03]
 [ 4.66358246e-04  9.99999884e-01 -1.23572356e-04]
 [ 2.32811945e-03  1.22486297e-04  9.99997282e-01]]
id: 13 , current state: States.Forward_correct_lane
id: 14 , cur_t [[ 0.68562637]
 [-5.8064762 ]
 [11.2804753 ]]
id: 14 , cur_R [[ 0.99982201 -0.01793751 -0.00584755]
 [ 0.01788318  0.99979762 -0.00921512]
 [ 0.00601167  0.0091089   0.99994044]]
id: 14 , delta_t [[ 0.15305575]
 [-0.50358678]
 [ 0.85027895]]
id: 14 , delta_R [[ 9.99999598e-01  8.70096112e-04 -2.14481661e-04]
 [-8.70290396e-04  9.99999210e-01 -9.07406391e-04]
 [ 2.13691960e-04  9.07592687e-04  9.99999565e-01]]
id: 14 , current state: States.Forward_correct_lane
id: 15 , cur_t [[ 0.85919254]
 [-6.31008114]
 [12.12679488]]
id: 15 , cur_R [[ 0.99975389 -0.02084704 -0.00758629]
 [ 0.02077535  0.9997399  -0.00940824]
 [ 0.00778045  0.00924832  0.99992696]]
id: 15 , delta_t [[ 0.16961702]
 [-0.49890732]
 [ 0.84989502]]
id: 15 , delta_R [[ 9.99994253e-01 -2.89413356e-03 -1.76554867e-03]
 [ 2.89382684e-03  9.99995797e-01 -1.76254239e-04]
 [ 1.76605136e-03  1.71144034e-04  9.99998426e-01]]
id: 15 , current state: States.Forward_correct_lane
id: 16 , cur_t [[ 1.04627677]
 [-6.85596915]
 [12.9434991 ]]
id: 16 , cur_R [[ 0.99972093 -0.02183276 -0.00902157]
 [ 0.02175539  0.99972644 -0.00858784]
 [ 0.0092066   0.00838918  0.99992243]]
id: 16 , delta_t [[ 0.1820515 ]
 [-0.54209303]
 [ 0.82036114]]
id: 16 , delta_R [[ 9.99998484e-01 -9.72651031e-04 -1.44454714e-03]
 [ 9.73847572e-04  9.99999183e-01  8.27843723e-04]
 [ 1.44374076e-03 -8.29249236e-04  9.99998614e-01]]
id: 16 , current state: States.Forward_correct_lane
id: 17 , cur_t [[ 0.9171111 ]
 [-7.22606695]
 [13.86346858]]
id: 17 , cur_R [[ 0.99964697 -0.02496359 -0.00909745]
 [ 0.02489399  0.99966056 -0.00768471]
 [ 0.0092862   0.00745553  0.99992909]]
id: 17 , delta_t [[-0.12871145]
 [-0.35945873]
 [ 0.92424174]]
id: 17 , delta_R [[ 9.99995093e-01 -3.13092650e-03 -1.02815015e-04]
 [ 3.13102092e-03  9.99994665e-01  9.31403048e-04]
 [ 9.98983122e-05 -9.31720393e-04  9.99999561e-01]]
id: 17 , current state: States.Forward_correct_lane
id:time=1640112980.1118999 Pos: [1.0925  0.      0.43875] angle 0
time=1640112980.1967244 Pos: [1.1325  0.      0.43875] angle 0
time=1640112980.281776 Pos: [1.1725  0.      0.43875] angle 0
time=1640112980.3654814 Pos: [1.2125  0.      0.43875] angle 0
time=1640112980.44916 Pos: [1.2525  0.      0.43875] angle 0
time=1640112980.5358775 Pos: [1.2925  0.      0.43875] angle 0
time=1640112980.6215558 Pos: [1.3325  0.      0.43875] angle 0
time=1640112980.7038543 Pos: [1.3725  0.      0.43875] angle 0
time=1640112980.7888262 Pos: [1.4125  0.      0.43875] angle 0
time=1640112980.871405 Pos: [1.4525  0.      0.43875] angle 0
time=1640112980.9527695 Pos: [1.4925  0.      0.43875] angle 0
time=1640112981.0474837 Pos: [1.5325  0.      0.43875] angle 0
time=1640112981.1321282 Pos: [1.5725  0.      0.43875] angle 0
time=1640112981.2146647 Pos: [1.6125  0.      0.43875] angle 0
time=1640112981.2967708 Pos: [1.6525  0.      0.43875] angle 0
time=1640112981.3830693 Pos: [1.6925  0.      0.43875] angle 0
 18 , cur_t [[ 0.8597312 ]
 [-7.65067852]
 [14.76702409]]
id: 18 , cur_R [[ 0.99943515 -0.03218651 -0.00966527]
 [ 0.03210282  0.99944677 -0.00869243]
 [ 0.0099397   0.00837724  0.99991551]]
id: 18 , delta_t [[-0.05953932]
 [-0.41629855]
 [ 0.90727647]]
id: 18 , delta_R [[ 9.99973731e-01 -7.22137693e-03 -6.23601156e-04]
 [ 7.22078752e-03  9.99973486e-01 -9.42302692e-04]
 [ 6.30389344e-04  9.37775047e-04  9.99999362e-01]]
id: 18 , current state: States.Forward_correct_lane
id: 19 , cur_t [[ 0.8665311 ]
 [-8.068224  ]
 [15.67565467]]
id: 19 , cur_R [[ 0.99956606 -0.02799224 -0.00917174]
 [ 0.02788573  0.99954448 -0.0115416 ]
 [ 0.00949063  0.01128083  0.99989133]]
id: 19 , delta_t [[ 0.00242319]
 [-0.40992153]
 [ 0.91211757]]
id: 19 , delta_R [[ 9.99991074e-01  4.19185986e-03  5.29931207e-04]
 [-4.19031144e-03  9.99987044e-01 -2.89002659e-03]
 [-5.42038928e-04  2.88778021e-03  9.99995683e-01]]
id: 19 , current state: States.Forward_correct_lane
id: 20 , cur_t [[ 0.87821804]
 [-8.52094841]
 [16.56722857]]
id: 20 , cur_R [[ 0.99950853 -0.03014522 -0.00860006]
 [ 0.03004551  0.9994824  -0.01149784]
 [ 0.00894221  0.01123379  0.99989691]]
id: 20 , delta_t [[ 0.00751892]
 [-0.44278764]
 [ 0.89659499]]
id: 20 , delta_R [[ 9.99997517e-01 -2.16020637e-03  5.46785659e-04]
 [ 2.16017194e-03  9.99997665e-01  6.35598668e-05]
 [-5.46921684e-04 -6.23785579e-05  9.99999848e-01]]
id: 20 , current state: States.Forward_correct_lane
id: 21 , cur_t [[ 0.99313203]
 [-8.99064689]
 [17.44254458]]
id: 21 , cur_R [[ 0.99945075 -0.0310423  -0.01160038]
 [ 0.03091813  0.99946429 -0.01073352]
 [ 0.01192736  0.01036896  0.9998751 ]]
id: 21 , delta_t [[ 0.10857244]
 [-0.46308635]
 [ 0.87963802]]
id: 21 , delta_R [[ 9.99995095e-01 -8.63845908e-04 -3.01061290e-03]
 [ 8.66173288e-04  9.99999327e-01  7.71840459e-04]
 [ 3.00994413e-03 -7.74444385e-04  9.99995170e-01]]
id: 21 , current state: States.Forward_correct_lane
id: 22 , cur_t [[ 1.04028969]
 [-9.43904299]
 [18.33513469]]
id: 22 , cur_R [[ 0.99953702 -0.02834643 -0.01105589]
 [ 0.02821151  0.99952783 -0.01217449]
 [ 0.01139577  0.01185695  0.99986477]]
id: 22 , delta_t [[ 0.04391443]
 [-0.44036453]
 [ 0.89674445]]
id: 22 , delta_R [[ 9.99996214e-01  2.69124657e-03  5.73407637e-04]
 [-2.69039980e-03  9.99995297e-01 -1.47242214e-03]
 [-5.77367591e-04  1.47087387e-03  9.99998752e-01]]
id: 22 , current state: States.Forward_correct_lane
id: 23 , cur_t [[ 0.20657285]
 [-8.8872319 ]
 [18.35564704]]
id: 23 , cur_R [[ 0.99939089 -0.03484137  0.00198193]
 [ 0.03487621  0.99915618 -0.02169303]
 [-0.00122445  0.02174894  0.99976271]]
id: 23 , delta_t [[-0.81752967]
 [ 0.57542664]
 [ 0.02300904]]
id: 23 , delta_R [[ 0.9998939  -0.00665473  0.01295738]
 [ 0.00677739  0.99993242 -0.00944571]
 [-0.01289365  0.00953252  0.99987143]]
id: 23 , current state: States.Forward_correct_lane
id: 24 , cur_t [[ 0.2837316 ]
 [-9.35272352]
 [19.23732957]]
id: 24 , cur_R [[ 9.99413862e-01 -3.42054134e-02  1.38666340e-03]
 [ 3.42279580e-02  9.99161134e-01 -2.24827740e-02]
 [-6.16467598e-04  2.25170586e-02  9.99746269e-01]]
id: 24 , delta_t [[ 0.0597976 ]
 [-0.44861148]
 [ 0.89172416]]
id: 24 , delta_R [[ 9.99999620e-01  6.49133053e-04 -5.81325225e-04]
 [-6.49591426e-04  9.99999478e-01 -7.88654613e-04]
 [ 5.80812980e-04  7.89031937e-04  9.99999520e-01]]
id: 24 , current state: States.Forward_correct_lane
id: 25 , cur_t [[ 0.34622131]
 [-9.82238691]
 [20.11796079]]
id: 25 , cur_R [[ 9.99419709e-01 -3.40602679e-02  3.79971604e-04]
 [ 3.40603266e-02  9.99174363e-01 -2.21469113e-02]
 [ 3.74671847e-04  2.21470016e-02  9.99754655e-01]]
id: 25 , delta_t [[ 0.04583459]
 [-0.45157766]
 [ 0.89105376]]
id: 25 , delta_R [[ 9.99999483e-01  1.67857040e-04 -1.00317172e-03]
 [-1.67519870e-04  9.99999929e-01  3.36178669e-04]
 [ 1.00322808e-03 -3.36010444e-04  9.99999440e-01]]
id: 25 , current state: States.Forward_correct_lane
id: 26 , cur_t [[  0.37351291]
 [-10.27576078]
 [ 21.0088633 ]]
id: 26 , cur_R [[ 0.99943661 -0.03353121 -0.00145328]
 [ 0.03348944  0.9991793  -0.02278557]
 [ 0.00221611  0.02272407  0.99973932]]
id: 26 , delta_t [[ 0.0121675 ]
 [-0.43419829]
 [ 0.90073514]]
id: 26 , delta_R [[ 9.99998179e-01  5.69800762e-04 -1.82107816e-03]
 [-5.70964551e-04  9.99999633e-01 -6.38609701e-04]
 [ 1.82071362e-03  6.39648309e-04  9.99998138e-01]]
id: 26 , current state: States.Forward_correct_lane
id: 27 , cur_t [[  0.42104465]
 [-10.76664353]
 [ 21.87879138]]
id: 27 , cur_R [[ 0.99937036 -0.03543613 -0.00177787]
 [ 0.03538727  0.99912062 -0.02248822]
 [ 0.00257321  0.02241115  0.99974553]]
id: 27 , delta_t [[ 0.03299343]
 [-0.47230537]
 [ 0.88081727]]
id: 27 , delta_R [[ 9.99998131e-01 -1.89818400e-03 -3.67943576e-04]
 [ 1.89829448e-03  9.99998153e-01  3.00147056e-04]
 [ 3.67373162e-04 -3.00844960e-04  9.99999887e-01]]
id: 27 , current state: States.Forward_correct_lane
id: 28 , cur_t [[  0.51074772]
 [-11.23745352]
 [ 22.7564538 ]]
id: 28 , cur_R [[ 0.99927848 -0.03778776 -0.00382204]
 [ 0.03769401  0.99904304 -0.02218495]
 [ 0.00465671  0.02202488  0.99974658]]
id: 28 , delta_t [[ 0.07524431]
 [-0.45390528]
 [ 0.88786727]]
id: 28 , delta_R [[ 9.99995141e-01 -2.30684388e-03 -2.09658829e-03]
 [ 2.30749331e-03  9.99997290e-01  3.07385886e-04]
 [ 2.09587352e-03 -3.12222256e-04  9.99997755e-01]]
id: 28 , current state: States.Forward_correct_lane
id: 29 , cur_t [[  0.58319327]
 [-11.69965037]
 [ 23.64026696]]
id: 29 , cur_R [[ 0.99926695 -0.03791823 -0.00527032]
 [ 0.03778994  0.99902972 -0.02261738]
 [ 0.00612282  0.02240164  0.9997303 ]]
id: 29 , delta_t [[ 0.05908689]
 [-0.44502622]
 [ 0.89356612]]
id: 29 , delta_R [[ 9.99998943e-01 -9.86445515e-05 -1.45083718e-03]
 [ 9.80176423e-05  9.99999902e-01 -4.32166424e-04]
 [ 1.45087966e-03  4.32023760e-04  9.99998854e-01]]
id: 29 , current state: States.Forward_correct_lane
id: 30 , cur_t [[  0.73765135]
 [-12.18583789]
 [ 24.50036254]]
id: 30 , cur_R [[ 0.99927232 -0.03776856 -0.00532512]
 [ 0.03762924  0.99899863 -0.02420276]
 [ 0.00623389  0.02398477  0.99969289]]
id: 30 , delta_t [[ 0.14123806]
 [-0.472305  ]
 [ 0.87004586]]
id: 30 , delta_R [[ 9.99999987e-01  1.50962304e-04 -5.14035326e-05]
 [-1.51043672e-04  9.99998730e-01 -1.58662800e-03]
 [ 5.11639463e-05  1.58663574e-03  9.99998740e-01]]
id: 30 , current state: States.Forward_correct_lane
id: 31 , cur_t [[  0.71442202]
 [-12.62117438]
 [ 25.40033062]]
id: 31 , cur_R [[ 0.99903551 -0.04358144 -0.00535795]
 [ 0.04343507  0.99874515 -0.02493042]
 [ 0.00643773  0.02467365  0.99967483]]
id: 31 , delta_t [[-0.0339835 ]
 [-0.41243769]
 [ 0.91035173]]
id: 31 , delta_R [[ 9.99983077e-01 -5.81517441e-03 -1.73717709e-04]
 [ 5.81505195e-03  9.99982849e-01 -6.97322474e-04]
 [ 1.77769781e-04  6.96300496e-04  9.99999742e-01]]
id: 31 , current state: States.Forward_correct_lane
id: 32 , cur_t [[  0.73201445]
 [-13.08928528]
 [ 26.28382521]]
id: 32 , cur_R [[ 0.99897301 -0.04502572 -0.00505988]
 [ 0.04488749  0.9986858  -0.02473437]
 [ 0.00616691  0.02448185  0.99968125]]
id: 32 , delta_t [[ 0.00293074]
 [-0.44649116]
 [ 0.89478324]]
id: 32 , delta_R [[ 9.99998911e-01 -1.45260939e-03  2.61941635e-04]
 [ 1.45255601e-03  9.99998924e-01  2.03868345e-04]
 [-2.62237495e-04 -2.03487638e-04  9.99999945e-01]]
id: 32 , current state: States.Forward_correct_lane
id: 33 , cur_t [[  0.79140671]
 [-13.53675031]
 [ 27.17615228]]
id: 33 , cur_R [[ 0.99889642 -0.04663022 -0.00561873]
 [ 0.04646921  0.99858109 -0.02600797]
 [ 0.00682351  0.02571817  0.99964595]]
id: 33 , delta_t [[ 0.04474859]
 [-0.42770533]
 [ 0.9028099 ]]
id: 33 , delta_R [[ 9.99998554e-01 -1.59201436e-03 -5.98427171e-04]
 [ 1.59125576e-03  9.99997933e-01 -1.26599775e-03]
 [ 6.00441420e-04  1.26504367e-03  9.99999020e-01]]
id: 33 , current state: States.Forward_correct_lane
id: 34 , cur_t [[  0.91742945]
 [-14.03066129]
 [ 28.03648373]]
id: 34 , cur_R [[ 0.99876745 -0.04911934 -0.00713182]
 [ 0.04891848  0.9984634  -0.02603488]
 [ 0.00839968  0.02565392  0.99963559]]
id: 34 , delta_t [[ 0.10880249]
 [-0.47696049]
 [ 0.87216438]]
id: 34 , delta_R [[ 9.99995749e-01 -2.45222439e-03 -1.57744849e-03]
 [ 2.45220658e-03  9.99996993e-01 -1.32216811e-05]
 [ 1.57747617e-03  9.35339533e-06  9.99998756e-01]]
id: 34 , current state: States.Forward_correct_lanetime=1640112981.4694145 Pos: [1.7325  0.      0.43875] angle 0
time=1640112981.5555055 Pos: [1.7725  0.      0.43875] angle 0
time=1640112981.6413057 Pos: [1.8125  0.      0.43875] angle 0
time=1640112981.728425 Pos: [1.8525  0.      0.43875] angle 0
time=1640112981.8113124 Pos: [1.8925  0.      0.43875] angle 0
time=1640112981.8959208 Pos: [1.9325  0.      0.43875] angle 0
time=1640112981.9804597 Pos: [1.9725  0.      0.43875] angle 0
time=1640112982.069577 Pos: [2.0125  0.      0.43875] angle 0
time=1640112982.161416 Pos: [2.0525  0.      0.43875] angle 0
time=1640112982.245894 Pos: [2.0925  0.      0.43875] angle 0
time=1640112982.3295298 Pos: [2.1325  0.      0.43875] angle 0
time=1640112982.4101915 Pos: [2.1725  0.      0.43875] angle 0
time=1640112982.492764 Pos: [2.2125  0.      0.43875] angle 0
time=1640112982.5802145 Pos: [2.2525  0.      0.43875] angle 0
time=1640112982.6665907 Pos: [2.2525  0.      0.43875] angle 0.046587467971115765
time=1640112982.7482073 Pos: [2.2525  0.      0.43875] angle 0.09317493594223153
time=1640112982.827559 Pos: [2.2525  0.      0.43875] angle 0.1397624039133473
time=1640112982.9098573 Pos: [2.2525  0.      0.43875] angle 0.18634987188446306

id: 35 , cur_t [[  1.13396905]
 [-14.56616367]
 [ 28.85278503]]
id: 35 , cur_R [[ 0.99881514 -0.04764401 -0.00991739]
 [ 0.04738426  0.99856489 -0.02495783]
 [ 0.01109224  0.02445833  0.99963931]]
id: 35 , delta_t [[ 0.19693341]
 [-0.52437448]
 [ 0.82840126]]
id: 35 , delta_R [[ 0.99999503  0.00154792 -0.0027463 ]
 [-0.00154499  0.99999824  0.00106638]
 [ 0.00274795 -0.00106213  0.99999566]]
id: 35 , current state: States.Forward_correct_lane
id: 36 , cur_t [[  1.19697144]
 [-15.03023782]
 [ 29.73633802]]
id: 36 , cur_R [[ 0.9985519  -0.05238465 -0.01224508]
 [ 0.05208809  0.99836834 -0.02339851]
 [ 0.01345083  0.02272681  0.99965122]]
id: 36 , delta_t [[ 0.05073852]
 [-0.44479962]
 [ 0.89419176]]
id: 36 , delta_R [[ 0.99998602 -0.00468821 -0.00244573]
 [ 0.00469215  0.9999877   0.00160612]
 [ 0.00243817 -0.00161757  0.99999572]]
id: 36 , current state: States.Forward_correct_lane
id: 37 , cur_t [[  1.98710187]
 [-15.58823352]
 [ 29.98998088]]
id: 37 , cur_R [[ 0.99783197 -0.03637058 -0.05485016]
 [ 0.03655479  0.99932887  0.00235856]
 [ 0.05472757 -0.00435848  0.99849181]]
id: 37 , delta_t [[ 0.76333302]
 [-0.59271146]
 [ 0.25693545]]
id: 37 , delta_R [[ 0.99896392  0.01694734 -0.04223596]
 [-0.01587652  0.99954718  0.02556098]
 [ 0.04265002 -0.02486394  0.99878064]]
id: 37 , current state: States.Forward_correct_lane
id: 38 , cur_t [[  1.99670772]
 [-16.05671279]
 [ 30.87340315]]
id: 38 , cur_R [[ 0.99781172 -0.03667272 -0.05501717]
 [ 0.03686097  0.9993175   0.00241042]
 [ 0.05489123 -0.00443313  0.9984825 ]]
id: 38 , delta_t [[ 0.04080741]
 [-0.4723646 ]
 [ 0.88045809]]
id: 38 , delta_R [[ 9.99999940e-01 -3.03077459e-04 -1.66548526e-04]
 [ 3.03088886e-04  9.99999952e-01  6.85901642e-05]
 [ 1.66527730e-04 -6.86406391e-05  9.99999984e-01]]
id: 38 , current state: States.Forward_correct_lane
id: 39 , cur_t [[  1.95856798]
 [-16.49478009]
 [ 31.77153588]]
id: 39 , cur_R [[ 0.99789187 -0.03604642 -0.05396728]
 [ 0.03618234  0.99934401  0.00154339]
 [ 0.05387624 -0.0034928   0.99854151]]
id: 39 , delta_t [[-0.00490425]
 [-0.44035118]
 [ 0.89781222]]
id: 39 , delta_R [[ 9.99999250e-01  6.31365975e-04  1.04992372e-03]
 [-6.30417898e-04  9.99999394e-01 -9.03081770e-04]
 [-1.05049326e-03  9.02419202e-04  9.99999041e-01]]
id: 39 , current state: States.Forward_correct_lane
id: 40 , cur_t [[  1.98104215]
 [-16.9307397 ]
 [ 32.67122145]]
id: 40 , cur_R [[ 0.99795797 -0.03052217 -0.05610961]
 [ 0.03064032  0.9995297   0.00124646]
 [ 0.05604518 -0.00296313  0.99842384]]
id: 40 , delta_t [[ 0.05512444]
 [-0.43962616]
 [ 0.89648767]]
id: 40 , delta_R [[ 9.99982444e-01  5.51970648e-03 -2.15493941e-03]
 [-5.52100207e-03  9.99984582e-01 -5.95731053e-04]
 [ 2.15161792e-03  6.07618019e-04  9.99997501e-01]]
id: 40 , current state: States.Forward_correct_lane
id: 41 , cur_t [[  1.95783215]
 [-17.37096967]
 [ 33.56880647]]
id: 41 , cur_R [[ 0.99783987 -0.0339139  -0.0562623 ]
 [ 0.03403184  0.9994201   0.00113908]
 [ 0.05619105 -0.00305133  0.99841537]]
id: 41 , delta_t [[ 0.01365392]
 [-0.44197416]
 [ 0.89692386]]
id: 41 , delta_R [[ 9.99994229e-01 -3.39394785e-03 -1.49022682e-04]
 [ 3.39396028e-03  9.99994237e-01  8.31946121e-05]
 [ 1.48739465e-04 -8.36999091e-05  9.99999985e-01]]
id: 41 , current state: States.Forward_correct_lane
id: 42 , cur_t [[  1.87746828]
 [-17.77794258]
 [ 34.47870465]]
id: 42 , cur_R [[ 9.97840933e-01 -3.75968188e-02 -5.38512019e-02]
 [ 3.75632450e-02  9.99292913e-01 -1.63582485e-03]
 [ 5.38746263e-02 -3.90532902e-04  9.98547631e-01]]
id: 42 , delta_t [[-0.04291218]
 [-0.40678785]
 [ 0.91251421]]
id: 42 , delta_R [[ 0.99999031 -0.003678    0.00241858]
 [ 0.00368421  0.99998991 -0.00257169]
 [-0.0024091   0.00258057  0.99999377]]
id: 42 , current state: States.Forward_correct_lane
id: 43 , cur_t [[  1.88791775]
 [-18.19375544]
 [ 35.38809482]]
id: 43 , cur_R [[ 9.97857184e-01 -3.72696392e-02 -5.37774454e-02]
 [ 3.72273389e-02  9.99305222e-01 -1.78843446e-03]
 [ 5.38067364e-02 -2.17389014e-04  9.98551345e-01]]
id: 43 , delta_t [[ 0.04380069]
 [-0.41626686]
 [ 0.90818688]]
id: 43 , delta_R [[ 9.99999944e-01  3.27438072e-04  7.43971481e-05]
 [-3.27425384e-04  9.99999932e-01 -1.70489589e-04]
 [-7.44529678e-05  1.70465220e-04  9.99999983e-01]]
id: 43 , current state: States.Forward_correct_lane
id: 44 , cur_t [[  2.69721562]
 [-18.74472187]
 [ 35.59174393]]
id: 44 , cur_R [[ 0.98361194  0.02598914 -0.17841554]
 [-0.01098184  0.99635515  0.08459208]
 [ 0.17996372 -0.08124645  0.98031223]]
id: 44 , delta_t [[ 0.79801037]
 [-0.58079014]
 [ 0.16081749]]
id: 44 , delta_R [[ 0.99013037  0.06290742 -0.12523778]
 [-0.05264125  0.99510279  0.08366204]
 [ 0.12988743 -0.07624366  0.98859302]]
id: 44 , current state: States.Forward_correct_lane
id: 45 , cur_t [[  2.56141891]
 [-19.13286625]
 [ 36.50328285]]
id: 45 , cur_R [[ 0.98358434  0.02631161 -0.17852041]
 [-0.01131411  0.99635809  0.0845136 ]
 [ 0.18009395 -0.08110646  0.98029991]]
id: 45 , delta_t [[ 0.03473521]
 [-0.46431819]
 [ 0.88498705]]
id: 45 , delta_R [[ 9.99999942e-01  3.12725355e-04 -1.33971967e-04]
 [-3.12743704e-04  9.99999942e-01 -1.36966747e-04]
 [ 1.33929126e-04  1.37008638e-04  9.99999982e-01]]
id: 45 , current state: States.Forward_correct_lane
id: 46 , cur_t [[  2.44074053]
 [-19.47907985]
 [ 37.43364454]]
id: 46 , cur_R [[ 0.98310429  0.03087223 -0.18042412]
 [-0.01587463  0.9963406   0.08398456]
 [ 0.18235667 -0.07970141  0.9799968 ]]
id: 46 , delta_t [[ 0.05277225]
 [-0.4235863 ]
 [ 0.90431728]]
id: 46 , delta_R [[ 0.99998767  0.00438856 -0.00232255]
 [-0.00439167  0.99998946 -0.00133853]
 [ 0.00231665  0.00134871  0.99999641]]
id: 46 , current state: States.Forward_correct_lane
id: 47 , cur_t [[  2.21253902]
 [-19.77553574]
 [ 38.36102687]]
id: 47 , cur_R [[ 0.98394218  0.02483788 -0.17675085]
 [-0.01094869  0.99680447  0.07912626]
 [ 0.17815137 -0.07592048  0.98106991]]
id: 47 , delta_t [[-0.0505254 ]
 [-0.37632982]
 [ 0.92510705]]
id: 47 , delta_R [[ 0.9999747  -0.00571707  0.00423353]
 [ 0.00573359  0.99997596 -0.00389981]
 [-0.00421113  0.00392398  0.99998343]]
id: 47 , current state: States.Forward_correct_lane
id: 48 , cur_t [[  2.11431429]
 [-20.1630902 ]
 [ 39.27762571]]
id: 48 , cur_R [[ 0.98350233  0.025706   -0.17905968]
 [-0.01149509  0.99673226  0.0799541 ]
 [ 0.18052986 -0.07657673  0.980584  ]]
id: 48 , delta_t [[ 0.0708891 ]
 [-0.45834434]
 [ 0.88594312]]
id: 48 , delta_R [[ 9.99996861e-01  6.87474650e-04 -2.40938699e-03]
 [-6.85740968e-04  9.99999505e-01  7.20305468e-04]
 [ 2.40988099e-03 -7.18650992e-04  9.99996838e-01]]
id: 48 , current state: States.Forward_correct_lane
id: 49 , cur_t [[  1.18541831]
 [-19.89971897]
 [ 39.53798672]]
id: 49 , cur_R [[ 0.97583337  0.03807767 -0.2151728 ]
 [-0.0259209   0.99791899  0.05904068]
 [ 0.21697315 -0.05203639  0.97478965]]
id: 49 , delta_t [[-0.8695959 ]
 [ 0.21869481]
 [ 0.44269126]]
id: 49 , delta_R [[ 0.99924199  0.00953201 -0.03774381]
 [-0.01041257  0.99967656 -0.02320253]
 [ 0.03751043  0.02357795  0.99901804]]
id: 49 , current state: States.Change_lane_to_oncoming
id: 50 , cur_t [[  0.23583305]
 [-19.97514491]
 [ 39.23368626]]
id: 50 , cur_R [[ 0.97289619  0.04715879 -0.22638254]
 [-0.03166196  0.99693038  0.07160548]
 [ 0.22906446 -0.06249698  0.9714029 ]]
id: 50 , delta_t [[-0.9907069 ]
 [-0.09559228]
 [-0.09675722]]
id: 50 , delta_R [[ 0.99989162  0.00847653 -0.01203698]
 [-0.00834356  0.99990409  0.01105382]
 [ 0.01212952 -0.01095219  0.99986645]]
id: 50 , current state: States.Change_lane_to_oncoming
id: 51 , cur_t [[ -0.73292796]
 [-19.99217859]
 [ 38.98627578]]
id: 51 , cur_R [[ 0.96835803  0.06204746 -0.24172884]
 [-0.04403823  0.99588474  0.07921001]
 [ 0.24564884 -0.06605834  0.96710545]]
id: 51 , delta_t [[-0.99863753]
 [-0.04720458]
 [-0.02224439]]
id: 51 , delta_R [[ 0.99976111  0.01388777 -0.01687746]
 [-0.01381166  0.99989395  0.00461745]
 [ 0.0169398  -0.00438324  0.9998469 ]]
id: 51 , current state: States.Change_lane_to_oncoming
id: 52 , cur_t [[ -1.6831105 ]
 [-19.92759727]
 [ 38.68134562]]
id: 52 , cur_R [[ 0.96346353  0.07272077 -0.25777844]
 [-0.05342739  0.99527426  0.08108423]
 [ 0.26245675 -0.06434927  0.96279573]]
id: 52 , delta_t [[-0.99786668]
 [ 0.02550232]
 [-0.06009761]]
time=1640112982.9926188 Pos: [2.2525  0.      0.43875] angle 0.23293733985557882
time=1640112983.0767946 Pos: [2.2525  0.      0.43875] angle 0.2795248078266946
time=1640112983.1782203 Pos: [2.2525  0.      0.43875] angle 0.3261122757978103
time=1640112983.263382 Pos: [2.2525  0.      0.43875] angle 0.3726997437689261
time=1640112983.3476856 Pos: [2.2525  0.      0.43875] angle 0.4192872117400419
time=1640112983.4321384 Pos: [2.2525  0.      0.43875] angle 0.4658746797111577
time=1640112983.5121658 Pos: [2.2525  0.      0.43875] angle 0.5124621476822735
time=1640112983.5961952 Pos: [2.2525  0.      0.43875] angle 0.5590496156533893
time=1640112983.676152 Pos: [2.2525  0.      0.43875] angle 0.6056370836245051
time=1640112983.7556345 Pos: [2.2525  0.      0.43875] angle 0.6522245515956209
time=1640112983.832681 Pos: [2.2525  0.      0.43875] angle 0.6988120195667367
time=1640112983.909467 Pos: [2.2525  0.      0.43875] angle 0.7453994875378525
time=1640112983.9873576 Pos: [2.2525  0.      0.43875] angle 0.7919869555089682
time=1640112984.0716588 Pos: [2.2525  0.      0.43875] angle 0.838574423480084
time=1640112984.151959 Pos: [2.2525  0.      0.43875] angle 0.8851618914511998
time=1640112984.2537205 Pos: [2.2525  0.      0.43875] angle 0.9317493594223156
time=1640112984.3317032 Pos: [2.2525  0.      0.43875] angle 0.9783368273934314
time=1640112984.4092636 Pos: [2.2525  0.      0.43875] angle 1.0249242953645472
id: 52 , delta_R [[ 9.99802267e-01  9.57364497e-03 -1.74290519e-02]
 [-9.58300414e-03  9.99953979e-01 -4.53545876e-04]
 [ 1.74239077e-02  6.20478872e-04  9.99848000e-01]]
id: 52 , current state: States.Change_lane_to_oncoming
id: 53 , cur_t [[ -2.65714279]
 [-19.82837635]
 [ 38.47783566]]
id: 53 , cur_R [[ 0.954267    0.09023768 -0.28501169]
 [-0.06938397  0.99417636  0.08245743]
 [ 0.29079265 -0.05891116  0.95497074]]
id: 53 , delta_t [[-0.99715826]
 [ 0.04101536]
 [ 0.06319126]]
id: 53 , delta_R [[ 0.99943347  0.01571729 -0.02976095]
 [-0.0158074   0.99987115 -0.00279515]
 [ 0.02971318  0.00326401  0.99955314]]
id: 53 , current state: States.Change_lane_to_oncoming
id: 54 , cur_t [[ -3.5146418 ]
 [-19.33220516]
 [ 38.34178571]]
id: 54 , cur_R [[ 0.93673162  0.09789656 -0.33608056]
 [-0.08219081  0.99476757  0.06068067]
 [ 0.34026247 -0.02921877  0.93987644]]
id: 54 , delta_t [[-0.89227166]
 [ 0.42391782]
 [ 0.15538652]]
id: 54 , delta_R [[ 0.99851291  0.00461995 -0.05431963]
 [-0.00596116  0.9996807  -0.02455513]
 [ 0.05418884  0.02484243  0.99822163]]
id: 54 , current state: States.Change_lane_to_oncoming
id: 55 , cur_t [[ -4.43275294]
 [-19.29244261]
 [ 37.94746239]]
id: 55 , cur_R [[ 0.93096421  0.10662811 -0.34919348]
 [-0.08826428  0.99376407  0.06813502]
 [ 0.35428104 -0.03260996  0.93457024]]
id: 55 , delta_t [[-0.99746527]
 [-0.03880379]
 [-0.05964308]]
id: 55 , delta_R [[ 0.99985927  0.0083642  -0.01454208]
 [-0.00829271  0.99995327  0.00496892]
 [ 0.01458296 -0.00484763  0.99988191]]
id: 55 , current state: States.Change_lane_to_oncoming
id: 56 , cur_t [[ -5.22450013]
 [-18.68384091]
 [ 37.89511397]]
id: 56 , cur_R [[ 0.92216428  0.11011036 -0.37079474]
 [-0.11111561  0.99363111  0.01872259]
 [ 0.37049474  0.02393578  0.9285261 ]]
id: 56 , delta_t [[-0.80935214]
 [ 0.52209107]
 [ 0.26901678]]
id: 56 , delta_R [[ 0.99972191  0.00276545 -0.0234191 ]
 [-0.00403345  0.99851811 -0.05427085]
 [ 0.02323431  0.05435021  0.99825158]]
id: 56 , current state: States.Change_lane_to_oncoming
id: 57 , cur_t [[ -6.13893689]
 [-18.6680327 ]
 [ 37.49069399]]
id: 57 , cur_R [[ 0.91707635  0.11664139 -0.38126863]
 [-0.11420409  0.99303105  0.0290993 ]
 [ 0.38200576  0.01685616  0.9240062 ]]
id: 57 , delta_t [[-0.99485293]
 [-0.09466153]
 [-0.0361502 ]]
id: 57 , delta_R [[ 0.99991088  0.00685868 -0.011454  ]
 [-0.00676179  0.99994121  0.00847642]
 [ 0.01151147 -0.00839821  0.99989847]]
id: 57 , current state: States.Change_lane_to_oncoming
id: 58 , cur_t [[ -7.02683223]
 [-18.33746436]
 [ 37.17074643]]
id: 58 , cur_R [[ 0.89912753  0.12953652 -0.41807892]
 [-0.13189725  0.99098752  0.02338465]
 [ 0.41734016  0.03411768  0.90810967]]
id: 58 , delta_t [[-0.97424188]
 [ 0.21930619]
 [ 0.05251242]]
id: 58 , delta_R [[ 0.99907828  0.01378395 -0.04065213]
 [-0.01428552  0.99982506 -0.01207371]
 [ 0.04047859  0.01264332  0.99910041]]
id: 58 , current state: States.Change_lane_to_oncoming
id: 59 , cur_t [[ -6.48319616]
 [-18.21395053]
 [ 36.34056323]]
id: 59 , cur_R [[ 0.84892732  0.1481436  -0.50732226]
 [-0.15244961  0.987749    0.03333197]
 [ 0.50604498  0.04904466  0.86111155]]
id: 59 , delta_t [[ 0.12603823]
 [ 0.16449747]
 [-0.97829185]]
id: 59 , delta_R [[ 9.94584671e-01  2.29737221e-02 -1.01358476e-01]
 [-2.30574632e-02  9.99734082e-01  3.45442010e-04]
 [ 1.01339459e-01  1.99349801e-03  9.94849908e-01]]
id: 59 , current state: States.Change_lane_to_oncoming
id: 60 , cur_t [[ -7.40223525]
 [-18.20468749]
 [ 35.94650569]]
id: 60 , cur_R [[ 0.84736048  0.15484505 -0.50794018]
 [-0.15167979  0.98726688  0.04793069]
 [ 0.50889434  0.03642969  0.8600578 ]]
id: 60 , delta_t [[-0.98102038]
 [-0.14632662]
 [ 0.12723025]]
id: 60 , delta_R [[ 9.99976127e-01  6.83762097e-03 -9.96315917e-04]
 [-6.82416306e-03  9.99893026e-01  1.29370418e-02]
 [ 1.08466793e-03 -1.29299340e-02  9.99915817e-01]]
id: 60 , current state: States.Change_lane_to_oncoming
id: 61 , cur_t [[ -6.56775429]
 [-18.0987872 ]
 [ 35.4057408 ]]
id: 61 , cur_R [[ 0.76605629  0.18070284 -0.61685026]
 [-0.18042673  0.98153864  0.06346725]
 [ 0.61693108  0.06267679  0.78451747]]
id: 61 , delta_t [[ 0.41585106]
 [ 0.2140672 ]
 [-0.88387959]]
id: 61 , delta_R [[ 0.9904298   0.03264061 -0.13410222]
 [-0.03313765  0.99944971 -0.00147549]
 [ 0.13398027  0.0059052   0.99096641]]
id: 61 , current state: States.Change_lane_to_oncoming
id: 62 , cur_t [[ -7.20454522]
 [-17.86985997]
 [ 34.66947343]]
id: 62 , cur_R [[ 0.74033688  0.191647   -0.64433899]
 [-0.19199334  0.97885743  0.0705457 ]
 [ 0.64423588  0.07148121  0.7614792 ]]
id: 62 , delta_t [[-0.98334851]
 [ 0.06348412]
 [-0.17028058]]
id: 62 , delta_R [[ 0.99923155  0.01363795 -0.03674655]
 [-0.01371152  0.99990446 -0.00175068]
 [ 0.03671916  0.00225319  0.99932308]]
id: 62 , current state: States.Change_lane_to_oncoming
id: 63 , cur_t [[ -7.945176  ]
 [-17.79142384]
 [ 34.00215505]]
id: 63 , cur_R [[ 0.72551593  0.19956179 -0.65863626]
 [-0.19325045  0.97760415  0.08333303]
 [ 0.66051563  0.06682232  0.74783279]]
id: 63 , delta_t [[-0.99328594]
 [-0.11286261]
 [-0.02539845]]
id: 63 , delta_R [[ 0.99975664  0.00958436 -0.0198695 ]
 [-0.00941025  0.99991667  0.00883782]
 [ 0.01995255 -0.00864869  0.99976352]]
id: 63 , current state: States.Change_lane_to_oncoming
id: 64 , cur_t [[ -8.61877823]
 [-17.71734169]
 [ 33.26678312]]
id: 64 , cur_R [[ 0.70478738  0.20702189 -0.67854011]
 [-0.19487659  0.97617571  0.0954154 ]
 [ 0.68212745  0.06498401  0.72834004]]
id: 64 , delta_t [[-0.98875021]
 [-0.11114151]
 [-0.10010289]]
id: 64 , delta_R [[ 0.99955926  0.00964018 -0.02807779]
 [-0.00942274  0.99992467  0.00786606]
 [ 0.0281515  -0.00759802  0.99957479]]
id: 64 , current state: States.Change_lane_to_oncoming
id: 65 , cur_t [[ -9.2796066 ]
 [-17.49925617]
 [ 32.54862954]]
id: 65 , cur_R [[ 0.68352831  0.2176585  -0.69671646]
 [-0.20457213  0.97337607  0.10338888]
 [ 0.7006706   0.07185955  0.70985697]]
id: 65 , delta_t [[-0.99811553]
 [ 0.02941535]
 [-0.05385274]]
id: 65 , delta_R [[ 9.99552267e-01  1.27917920e-02 -2.70487484e-02]
 [-1.28232029e-02  9.99917291e-01 -9.88124857e-04]
 [ 2.70338714e-02  1.33453403e-03  9.99633627e-01]]
id: 65 , current state: States.Change_lane_to_oncoming
id: 66 , cur_t [[ -8.87306279]
 [-17.31985807]
 [ 31.65278444]]
id: 66 , cur_R [[ 0.61889059  0.23074201 -0.75082126]
 [-0.22151179  0.96835243  0.11500477]
 [ 0.75359602  0.09514039  0.65041629]]
id: 66 , delta_t [[-0.38650798]
 [ 0.1987345 ]
 [-0.90061989]]
id: 66 , delta_R [[ 0.99636173  0.02036442 -0.08275624]
 [-0.02076516  0.99977644 -0.00398449]
 [ 0.0826566   0.00568844  0.99656185]]
id: 66 , current state: States.Change_lane_to_oncoming
id: 67 , cur_t [[ -9.72353048]
 [-17.30922436]
 [ 31.12686463]]
id: 67 , cur_R [[ 0.64411214  0.23013937 -0.72948984]
 [-0.20128739  0.97105139  0.12861797]
 [ 0.73797218  0.06399271  0.67179014]]
id: 67 , delta_t [[-0.92503301]
 [-0.23597765]
 [ 0.29770534]]
id: 67 , delta_R [[ 0.99945424 -0.00371723  0.03282382]
 [ 0.00291837  0.99969919  0.02435205]
 [-0.03290447 -0.02424296  0.99916444]]
id: 67 , current state: States.Change_lane_to_oncoming
id: 68 , cur_t [[-10.32471342]
 [-16.97449035]
 [ 30.40123923]]
id: 68 , cur_R [[ 0.63629745  0.23899383 -0.73348995]
 [-0.21741072  0.96781658  0.12674244]
 [ 0.74017439  0.07882269  0.66777905]]
id: 68 , delta_t [[-0.99009832]
 [ 0.14025333]
 [-0.00585834]]
id: 68 , delta_R [[ 0.99992226  0.00965665 -0.00788763]
 [-0.00976151  0.99986303 -0.01336553]
 [ 0.00775749  0.01344149  0.99987957]]
id: 68 , current state: States.Change_lane_to_oncoming
id: 69 , cur_t [[-10.66734127]
 [-16.68006446]
 [ 29.509096  ]]
id: 69 , cur_R [[ 0.59540048  0.25468869 -0.76199209]
 [-0.22965392  0.9628042   0.14236275]
 [ 0.76990736  0.09023162  0.63174434]]
id: 69 , delta_t [[-0.94236615]
 [ 0.13274318]
 [-0.30712421]]
id: 69 , delta_R [[ 9.98634368e-01  2.04687563e-02 -4.80669164e-02]
 [-2.04455853e-02  9.99790493e-01  9.73721132e-04]
 [ 4.80767769e-02  1.03648537e-05  9.98843643e-01]]
id: 69 , current state: States.Change_lane_to_oncoming
id: 70 , cur_t [[-11.4398654 ]
 [-16.46616202]
 [ 28.91122292]]
