False: Accepted
time=1639768908.7920058 gym-duckietown 2019.0.0

time=1639768909.9634728 Registering gym environment id: Duckietown-4way-v0
time=1639768909.9636254 Registering gym environment id: Duckietown-loop_dyn_duckiebots-v0
time=1639768909.963754 Registering gym environment id: Duckietown-loop_empty-v0
time=1639768909.9638574 Registering gym environment id: Duckietown-loop_obstacles-v0
time=1639768909.9639852 Registering gym environment id: Duckietown-loop_pedestrians-v0
time=1639768909.9640768 Registering gym environment id: Duckietown-small_loop-v0
time=1639768909.964155 Registering gym environment id: Duckietown-small_loop_cw-v0
time=1639768909.9642403 Registering gym environment id: Duckietown-straight_road-v0
time=1639768909.964325 Registering gym environment id: Duckietown-straight_road_10_tiles_no_start_tile-v0
time=1639768909.9644449 Registering gym environment id: Duckietown-straight_road_no_start_tile-v0
time=1639768909.964603 Registering gym environment id: Duckietown-straight_road_trafficlight-v0
time=1639768909.9646926 Registering gym environment id: Duckietown-straight_road_with_side_floor-v0
time=1639768909.9647808 Registering gym environment id: Duckietown-udem1-v0
time=1639768909.9648557 Registering gym environment id: Duckietown-zigzag_dists-v0
time=1639768912.628698 Falling back to non-multisampled frame buffer
time=1639768912.6615734 Falling back to non-multisampled frame buffer
time=1639768912.6658678 loading map file "/home/appuser/aido-auto/gym-duckietown/gym_duckietown/maps/straight_road.yaml"
time=1639768912.678294 loading mesh "duckiebot.obj"
time=1639768912.6850324 loading materials from "/home/appuser/aido-auto/gym-duckietown/gym_duckietown/meshes/duckiebot.mtl"
time=1639768913.0959923 loading texture "straight_1.png"
time=1639768913.1593509 road_tile_size=0.585
time=1639768913.159866 Starting at [0.2925  0.      0.43875] 0
time=1639768913.1601896 Pos: [0.2925  0.      0.43875] angle 0
time=1639768913.5255299 using DuckietownEnv
/usr/local/lib/python3.6/dist-packages/gym/spaces/box.py:74: UserWarning: [33mWARN: Box bound precision lowered by casting to float32[0m
  "Box bound precision lowered by casting to {}".format(self.dtype)
time=1639768913.527595 loading mesh "duckie.obj"
time=1639768913.5789378 loading texture "duckie.png"
time=1639768914.311107 Pos: [0.2925  0.      0.43875] angle 0
time=1639768914.664383 Pos: [0.3325  0.      0.43875] angle 0
time=1639768914.7904322 Pos: [0.3725  0.      0.43875] angle 0
time=1639768914.8935037 Pos: [0.4125  0.      0.43875] angle 0
time=1639768914.9740875 Pos: [0.4525  0.      0.43875] angle 0
time=1639768915.0635533 Pos: [0.4925  0.      0.43875] angle 0
time=1639768915.1739392 Pos: [0.5325  0.      0.43875] angle 0
time=1639768915.29538 Pos: [0.5725  0.      0.43875] angle 0
time=1639768915.4118803 Pos: [0.6125  0.      0.43875] angle 0
time=1639768915.511111 Pos: [0.6525  0.      0.43875] angle 0
time=1639768915.6049228 Pos: [0.6925  0.      0.43875] angle 0
time=1639768915.6917155 Pos: [0.7325  0.      0.43875] angle 0
time=1639768915.7774198 Pos: [0.7725  0.      0.43875] angle 0
time=1639768915.864074 Pos: [0.8125  0.      0.43875] angle 0
time=1639768915.9490852 Pos: [0.8525  0.      0.43875] angle 0
time=1639768916.0366216 Pos: [0.8925  0.      0.43875] angle 0
time=1639768916.1209202 Pos: [0.9325  0.      0.43875] angle 0
time=1639768916.2033846 Pos: [0.9725  0.      0.43875] angle 0
time=1639768916.2862747 Pos: [1.0125  0.      0.43875] angle 0
time=1639768916.3695521 Pos: [1.0525  0.      0.43875] angle 0
time=1639768916.4581869 Pos: [1.0925  0.      0.43875] angle 0
time=1639768916.5410862 Pos: [1.1325  0.      0.43875] angle 0
time=1639768916.6265504 Pos: [1.1725  0.      0.43875] angle 0
time=1639768916.7109227 Pos: [1.2125  0.      0.43875] angle 0
time=1639768916.7947466 Pos: [1.2525  0.      0.43875] angle 0
time=1639768916.878832 Pos: [1.2925  0.      0.43875] angle 0
time=1639768916.9643774 Pos: [1.3325  0.      0.43875] angle 0
time=1639768917.051561 Pos: [1.3725  0.      0.43875] angle 0
time=1639768917.1383486 Pos: [1.4125  0.      0.43875] angle 0
time=1639768917.2223775 Pos: [1.4525  0.      0.43875] angle 0
time=1639768917.3085625 Pos: [1.4925  0.      0.43875] angle 0
time=1639768917.3914454 Pos: [1.5325  0.      0.43875] angle 0
time=1639768917.477829 Pos: [1.5725  0.      0.43875] angle 0
time=1639768917.5811043 Pos: [1.6125  0.      0.43875] angle 0
time=1639768917.6658087 Pos: [1.6525  0.      0.43875] angle 0
time=1639768917.7478945 Pos: [1.6925  0.      0.43875] angle 0
time=1639768917.8301253 Pos: [1.7325  0.      0.43875] angle 0
time=1639768917.9149203 Pos: [1.7725  0.      0.43875] angle 0
time=1639768917.999188 Pos: [1.8125  0.      0.43875] angle 0
time=1639768918.0871377 Pos: [1.8525  0.      0.43875] angle 0
time=1639768918.171097 Pos: [1.8925  0.      0.43875] angle 0
time=1639768918.2552824 Pos: [1.9325  0.      0.43875] angle 0
time=1639768918.339063 Pos: [1.9725  0.      0.43875] angle 0
time=1639768918.4242923 Pos: [2.0125  0.      0.43875] angle 0
env.road_tile_size = 0.585
delta t, R: [[ 9.99996785e-01 -2.17392086e-03 -1.30533804e-03]
 [ 2.17313505e-03  9.99997457e-01 -6.03107005e-04]
 [ 1.30664582e-03  6.00268390e-04  9.99998966e-01]] [[ 0.13147646]
 [-0.48320215]
 [ 0.86558051]]
delta t, R: [[ 9.99998899e-01 -1.34766322e-03 -6.21420451e-04]
 [ 1.34748941e-03  9.99999053e-01 -2.80032461e-04]
 [ 6.21797252e-04  2.79194796e-04  9.99999768e-01]] [[ 0.10210424]
 [-0.48642279]
 [ 0.86773705]]
delta t, R: [[ 9.99980783e-01 -8.92417450e-04 -6.13493304e-03]
 [ 9.14200176e-04  9.99993285e-01  3.54871837e-03]
 [ 6.13172491e-03 -3.55425873e-03  9.99974884e-01]] [[ 0.31216913]
 [-0.56503118]
 [ 0.76373438]]
delta t, R: [[ 0.99998106 -0.00136456 -0.00600071]
 [ 0.00138323  0.99999421  0.00310844]
 [ 0.00599644 -0.00311668  0.99997716]] [[ 0.55517283]
 [-0.61354248]
 [ 0.56155922]]
delta t, R: [[ 0.99999182 -0.00177305 -0.00363633]
 [ 0.00177932  0.99999693  0.00172165]
 [ 0.00363327 -0.00172811  0.99999191]] [[ 0.32702406]
 [-0.57065675]
 [ 0.75326366]]
delta t, R: [[ 0.99998744  0.00219275 -0.00450713]
 [-0.00218661  0.99999667  0.0013675 ]
 [ 0.00451011 -0.00135762  0.99998891]] [[ 0.19945204]
 [-0.48890643]
 [ 0.8492287 ]]
delta t, R: [[ 9.99998841e-01  2.12000820e-04 -1.50769348e-03]
 [-2.11290195e-04  9.99999867e-01  4.71476174e-04]
 [ 1.50779324e-03 -4.71157067e-04  9.99998752e-01]] [[ 0.11914787]
 [-0.480177  ]
 [ 0.8690419 ]]
delta t, R: [[ 9.99998069e-01 -1.60144361e-03 -1.13877145e-03]
 [ 1.60094953e-03  9.99998624e-01 -4.34653151e-04]
 [ 1.13946596e-03  4.32829196e-04  9.99999257e-01]] [[ 0.06272387]
 [-0.45173724]
 [ 0.88994336]]
delta t, R: [[ 9.99999913e-01 -3.84969259e-04 -1.60026384e-04]
 [ 3.85002520e-04  9.99999904e-01  2.07870185e-04]
 [ 1.59946345e-04 -2.07931778e-04  9.99999966e-01]] [[ 0.03096502]
 [-0.46329307]
 [ 0.88566399]]
delta t, R: [[ 9.99986222e-01 -2.35644080e-04 -5.24409665e-03]
 [ 2.49544775e-04  9.99996457e-01  2.65023571e-03]
 [ 5.24345355e-03 -2.65150783e-03  9.99982738e-01]] [[ 0.24933976]
 [-0.54309134]
 [ 0.80179891]]
delta t, R: [[ 9.99990315e-01 -4.39091340e-03 -3.00617242e-04]
 [ 4.39085114e-03  9.99990339e-01 -2.07438662e-04]
 [ 3.01525183e-04  2.06116687e-04  9.99999933e-01]] [[ 0.02725867]
 [-0.43257991]
 [ 0.90118343]]
delta t, R: [[ 9.99999887e-01 -3.69211787e-04 -3.00117488e-04]
 [ 3.68937738e-04  9.99999515e-01 -9.12684328e-04]
 [ 3.00454316e-04  9.12573500e-04  9.99999538e-01]] [[ 0.08385635]
 [-0.46404856]
 [ 0.88183164]]
delta t, R: [[ 0.99999442 -0.00293699 -0.00159161]
 [ 0.00294008  0.9999938   0.00193999]
 [ 0.0015859  -0.00194466  0.99999685]] [[ 0.03625604]
 [-0.46278506]
 [ 0.88572879]]
delta t, R: [[ 9.99998441e-01  1.66089263e-03 -5.99965494e-04]
 [-1.66091048e-03  9.99998620e-01 -2.92613459e-05]
 [ 5.99916066e-04  3.02577892e-05  9.99999820e-01]] [[ 0.07881591]
 [-0.44536971]
 [ 0.891871  ]]
delta t, R: [[ 9.99999285e-01  7.02563463e-04  9.67616471e-04]
 [-7.01476074e-04  9.99999123e-01 -1.12366216e-03]
 [-9.68405066e-04  1.12298260e-03  9.99998901e-01]] [[ 0.00495976]
 [-0.43682561]
 [ 0.89953254]]
delta t, R: [[ 9.99997112e-01 -2.38473817e-03 -2.98070340e-04]
 [ 2.38438111e-03  9.99996446e-01 -1.19257306e-03]
 [ 3.00913256e-04  1.19185890e-03  9.99999244e-01]] [[-0.39066302]
 [ 0.56178538]
 [-0.7292322 ]]
delta t, R: [[ 0.99999492 -0.00292631  0.00126133]
 [ 0.00292889  0.99999361 -0.00205174]
 [-0.00125532  0.00205543  0.9999971 ]] [[-0.08506366]
 [-0.38590853]
 [ 0.91860698]]
delta t, R: [[ 0.99998544 -0.00177491 -0.00509523]
 [ 0.00179041  0.99999378  0.00303841]
 [ 0.00508981 -0.00304749  0.9999824 ]] [[ 0.23315615]
 [-0.53504762]
 [ 0.81201124]]
delta t, R: [[ 0.9999425   0.00461535 -0.00967963]
 [-0.00456847  0.99997775  0.00486047]
 [ 0.00970185 -0.00481597  0.99994134]] [[ 0.55758531]
 [-0.6156099 ]
 [ 0.55688694]]
delta t, R: [[ 0.99999151  0.00154322 -0.00382194]
 [-0.00153717  0.99999756  0.00158488]
 [ 0.00382437 -0.001579    0.99999144]] [[ 0.24163625]
 [-0.53232478]
 [ 0.8113213 ]]
delta t, R: [[ 0.99998012  0.00180457 -0.00604151]
 [-0.00178372  0.99999244  0.00345425]
 [ 0.00604769 -0.0034434   0.99997578]] [[ 0.27921947]
 [-0.56185231]
 [ 0.77869023]]
delta t, R: [[ 9.99996367e-01 -2.67728440e-03 -3.11945800e-04]
 [ 2.67713535e-03  9.99996303e-01 -4.77257325e-04]
 [ 3.13222400e-04  4.76420470e-04  9.99999837e-01]] [[-0.72090898]
 [ 0.63390793]
 [-0.28009104]]
delta t, R: [[ 9.99986080e-01  4.71693028e-03  2.36447460e-03]
 [-4.71457303e-03  9.99988385e-01 -1.00153227e-03]
 [-2.36917129e-03  9.90370844e-04  9.99996703e-01]] [[-0.02707379]
 [-0.43452684]
 [ 0.90025187]]
delta t, R: [[ 0.99998933 -0.00431636 -0.00164789]
 [ 0.00431873  0.99998964  0.00143935]
 [ 0.00164166 -0.00144645  0.99999761]] [[ 0.03101653]
 [-0.48336456]
 [ 0.87486952]]
delta t, R: [[ 9.99995163e-01 -2.88626663e-03 -1.15874094e-03]
 [ 2.88700583e-03  9.99995630e-01  6.36762596e-04]
 [ 1.15689801e-03 -6.40104808e-04  9.99999126e-01]] [[ 0.02483286]
 [-0.44203208]
 [ 0.89665544]]
delta t, R: [[ 9.99999275e-01  1.18233221e-03 -2.28185965e-04]
 [-1.18252720e-03  9.99998934e-01 -8.56299700e-04]
 [ 2.27173291e-04  8.56568915e-04  9.99999607e-01]] [[ 0.05980619]
 [-0.45619195]
 [ 0.88786943]]
delta t, R: [[ 0.99997683  0.00109721 -0.00671854]
 [-0.0010762   0.99999452  0.00312987]
 [ 0.00672193 -0.00312257  0.99997253]] [[ 0.31376432]
 [-0.5642277 ]
 [ 0.76367471]]
delta t, R: [[ 9.99982569e-01 -8.54032519e-04 -5.84224623e-03]
 [ 8.72471380e-04  9.99994645e-01  3.15430519e-03]
 [ 5.83952107e-03 -3.15934740e-03  9.99977959e-01]] [[ 0.14644291]
 [-0.48673281]
 [ 0.86118851]]
delta t, R: [[ 9.99990149e-01  3.64831052e-06  4.43862413e-03]
 [ 1.46609267e-05  9.99991492e-01 -4.12494079e-03]
 [-4.43860142e-03  4.12496523e-03  9.99981642e-01]] [[-0.21796484]
 [ 0.51233856]
 [-0.8306627 ]]
delta t, R: [[ 9.99994264e-01  3.38574342e-03  8.78609724e-05]
 [-3.38544986e-03  9.99989307e-01 -3.15022309e-03]
 [-9.85258800e-05  3.14990758e-03  9.99995034e-01]] [[ 0.00462183]
 [-0.40846709]
 [ 0.91276135]]
delta t, R: [[ 0.99381805  0.04639698 -0.10086129]
 [-0.03984956  0.99702433  0.06598868]
 [ 0.10362284 -0.06156146  0.99270967]] [[ 0.77325777]
 [-0.59266234]
 [ 0.22544126]]
delta t, R: [[ 9.99992426e-01 -2.24479643e-03 -3.17935795e-03]
 [ 2.24656003e-03  9.99997325e-01  5.51240831e-04]
 [ 3.17811202e-03 -5.58379275e-04  9.99994794e-01]] [[ 0.07056141]
 [-0.46002187]
 [ 0.88509941]]
delta t, R: [[ 0.99956862  0.01046049 -0.02744348]
 [-0.01003632  0.99982874  0.01554844]
 [ 0.02760142 -0.0152663   0.99950243]] [[ 0.62716731]
 [-0.61041106]
 [ 0.48379696]]
delta t, R: [[ 9.99999016e-01 -1.39521978e-03 -1.43659938e-04]
 [ 1.39481568e-03  9.99995175e-01 -2.77558210e-03]
 [ 1.47531792e-04  2.77537899e-03  9.99996138e-01]] [[-0.00111781]
 [-0.41299642]
 [ 0.91073196]]
delta t, R: [[ 9.99995125e-01 -2.31877832e-03 -2.09141896e-03]
 [ 2.31930608e-03  9.99997279e-01  2.49958505e-04]
 [ 2.09083367e-03 -2.54807928e-04  9.99997782e-01]] [[ 0.06228083]
 [-0.45458947]
 [ 0.88852097]]
delta t, R: [[ 9.99998903e-01 -7.09393702e-04 -1.30033006e-03]
 [ 7.07955139e-04  9.99999137e-01 -1.10643235e-03]
 [ 1.30111384e-03  1.10551056e-03  9.99998542e-01]] [[ 0.05803673]
 [-0.44489048]
 [ 0.89370252]]
delta t, R: [[ 9.99992510e-01  3.25538472e-03 -2.09337304e-03]
 [-3.25483638e-03  9.99994668e-01  2.65291770e-04]
 [ 2.09422551e-03 -2.58476196e-04  9.99997774e-01]] [[ 0.07344474]
 [-0.45700246]
 [ 0.88642801]]
delta t, R: [[ 9.99994573e-01 -6.18324523e-04 -3.23591629e-03]
 [ 6.18997426e-04  9.99999787e-01  2.06950694e-04]
 [ 3.23578763e-03 -2.08952595e-04  9.99994743e-01]] [[ 0.18694125]
 [-0.50648858]
 [ 0.84173766]]
delta t, R: [[ 9.99997629e-01 -1.47195518e-03 -1.60488245e-03]
 [ 1.47148242e-03  9.99998874e-01 -2.95720370e-04]
 [ 1.60531593e-03  2.93358113e-04  9.99998668e-01]] [[ 0.14760436]
 [-0.49257366]
 [ 0.85766202]]
delta t, R: [[ 9.99994536e-01 -3.30202104e-03 -1.58380497e-04]
 [ 3.30204372e-03  9.99994538e-01  1.43205506e-04]
 [ 1.57906765e-04 -1.43727703e-04  9.99999977e-01]] [[ 0.01030148]
 [-0.44115637]
 [ 0.89737113]]
delta t, R: [[ 9.99989164e-01  3.94752053e-03 -2.46768298e-03]
 [-3.94979987e-03  9.99991777e-01 -9.19485586e-04]
 [ 2.46403299e-03  9.29222476e-04  9.99996533e-01]]time=1639768918.5075617 Pos: [2.0525  0.      0.43875] angle 0
time=1639768918.6093192 Pos: [2.0925  0.      0.43875] angle 0
time=1639768918.6921747 Pos: [2.1325  0.      0.43875] angle 0
time=1639768918.7749975 Pos: [2.1725  0.      0.43875] angle 0
time=1639768918.8575263 Pos: [2.2125  0.      0.43875] angle 0
time=1639768918.9423864 Pos: [2.2125  0.      0.43875] angle 0.23293733985557882
time=1639768919.2958617 Pos: [2.2514197  0.         0.42951654] angle 0.23293733985557882
time=1639768919.3872283 Pos: [2.2903394  0.         0.42028308] angle 0.23293733985557882
time=1639768919.4803514 Pos: [2.32925911 0.         0.41104962] angle 0.23293733985557882
time=1639768919.5790741 Pos: [2.36817881 0.         0.40181616] angle 0.23293733985557882
time=1639768919.686453 Pos: [2.40709851 0.         0.39258269] angle 0.23293733985557882
time=1639768919.780795 Pos: [2.44601821 0.         0.38334923] angle 0.23293733985557882
time=1639768919.8783243 Pos: [2.48493791 0.         0.37411577] angle 0.23293733985557882
time=1639768919.9795446 Pos: [2.52385762 0.         0.36488231] angle 0.23293733985557882
time=1639768920.076743 Pos: [2.56277732 0.         0.35564885] angle 0.23293733985557882
time=1639768920.177962 Pos: [2.60169702 0.         0.34641539] angle 0.23293733985557882
time=1639768920.266891 Pos: [2.64061672 0.         0.33718193] angle 0.23293733985557882
time=1639768920.3617346 Pos: [2.67953642 0.         0.32794847] angle 0.23293733985557882
time=1639768920.4600437 Pos: [2.71845613 0.         0.31871501] angle 0.23293733985557882
time=1639768920.548555 Pos: [2.75737583 0.         0.30948155] angle 0.23293733985557882
time=1639768920.6370604 Pos: [2.79629553 0.         0.30024808] angle 0.23293733985557882
time=1639768920.7334847 Pos: [2.83521523 0.         0.29101462] angle 0.23293733985557882
time=1639768920.822947 Pos: [2.87413493 0.         0.28178116] angle 0.23293733985557882
time=1639768920.9169803 Pos: [2.91305463 0.         0.2725477 ] angle 0.23293733985557882
time=1639768921.014259 Pos: [2.95197434 0.         0.26331424] angle 0.23293733985557882
time=1639768921.1121037 Pos: [2.99089404 0.         0.25408078] angle 0.23293733985557882
time=1639768921.2002776 Pos: [2.99089404 0.         0.25408078] angle 0.0
time=1639768921.5658264 Pos: [3.03089404 0.         0.25408078] angle 0.0
time=1639768921.6511478 Pos: [3.07089404 0.         0.25408078] angle 0.0
time=1639768921.7459896 Pos: [3.11089404 0.         0.25408078] angle 0.0
time=1639768921.836469 Pos: [3.15089404 0.         0.25408078] angle 0.0
time=1639768921.9210472 Pos: [3.19089404 0.         0.25408078] angle 0.0
time=1639768922.0111344 Pos: [3.23089404 0.         0.25408078] angle 0.0
time=1639768922.0981383 Pos: [3.27089404 0.         0.25408078] angle 0.0
time=1639768922.18225 Pos: [3.31089404 0.         0.25408078] angle 0.0
time=1639768922.2656598 Pos: [3.35089404 0.         0.25408078] angle 0.0
time=1639768922.3514326 Pos: [3.39089404 0.         0.25408078] angle 0.0
time=1639768922.4383175 Pos: [3.43089404 0.         0.25408078] angle 0.0
time=1639768922.5253706 Pos: [3.47089404 0.         0.25408078] angle 0.0
time=1639768922.6132505 Pos: [3.51089404 0.         0.25408078] angle 0.0
time=1639768922.7046282 Pos: [3.55089404 0.         0.25408078] angle 0.0
time=1639768922.803237 Pos: [3.59089404 0.         0.25408078] angle 0.0
time=1639768922.903419 Pos: [3.63089404 0.         0.25408078] angle 0.0
time=1639768922.9897203 Pos: [3.67089404 0.         0.25408078] angle 0.0
 [[ 0.22597607]
 [-0.52256105]
 [ 0.82210995]]
delta t, R: [[ 9.99994104e-01  3.31981902e-03 -8.77478966e-04]
 [-3.32140027e-03  9.99992852e-01 -1.80677045e-03]
 [ 8.71474543e-04  1.80967426e-03  9.99997983e-01]] [[ 0.07875657]
 [-0.44750248]
 [ 0.89080802]]
delta t, R: [[ 9.99998989e-01 -7.45778213e-05 -1.41970648e-03]
 [ 7.51456832e-05  9.99999917e-01  3.99936298e-04]
 [ 1.41967653e-03 -4.00042579e-04  9.99998912e-01]] [[ 0.04715631]
 [-0.44453624]
 [ 0.89451876]]
delta t, R: [[ 9.99936382e-01  5.80336938e-04 -1.12648143e-02]
 [-5.01973632e-04  9.99975666e-01  6.95804799e-03]
 [ 1.12685782e-02 -6.95195069e-03  9.99912341e-01]] [[ 0.15764087]
 [-0.51321836]
 [ 0.84365649]]
delta t, R: [[ 9.99995677e-01 -2.86394065e-03 -6.66919781e-04]
 [ 2.86413249e-03  9.99995857e-01  2.86878353e-04]
 [ 6.66095415e-04 -2.88787259e-04  9.99999736e-01]] [[ 0.03339523]
 [-0.45851538]
 [ 0.88805879]]
delta t, R: [[ 9.99971406e-01 -7.55576515e-03 -3.11411585e-04]
 [ 7.55617651e-03  9.99970552e-01  1.34167226e-03]
 [ 3.01265054e-04 -1.34398698e-03  9.99999051e-01]] [[-0.01073776]
 [-0.43442201]
 [ 0.90064545]]
delta t, R: [[ 0.838062    0.50182117 -0.21407381]
 [-0.47088773  0.86348808  0.18070164]
 [ 0.2755301  -0.05063444  0.95995798]] [[-0.02449316]
 [-0.43364116]
 [ 0.9007527 ]]
delta t, R: [[ 9.99987460e-01 -6.77894645e-04 -4.96198037e-03]
 [ 6.58533885e-04  9.99992169e-01 -3.90241559e-03]
 [ 4.96458694e-03  3.89909902e-03  9.99980075e-01]] [[ 0.08964368]
 [-0.42587854]
 [ 0.90032854]]
delta t, R: [[ 9.99994216e-01  2.64766560e-04 -3.39079311e-03]
 [-2.77119932e-04  9.99993325e-01 -3.64325874e-03]
 [ 3.38980586e-03  3.64417733e-03  9.99987615e-01]] [[ 0.04775003]
 [-0.44250098]
 [ 0.89549585]]
delta t, R: [[ 9.99998815e-01  9.45154184e-05 -1.53638087e-03]
 [-9.43220838e-05  9.99999988e-01  1.25909640e-04]
 [ 1.53639275e-03 -1.25764577e-04  9.99998812e-01]] [[ 0.02326124]
 [-0.47741926]
 [ 0.87836767]]
delta t, R: [[ 9.99995253e-01 -2.16307305e-03 -2.19421112e-03]
 [ 2.16216644e-03  9.99997576e-01 -4.15471687e-04]
 [ 2.19510449e-03  4.10725466e-04  9.99997506e-01]] [[ 0.05082364]
 [-0.48957995]
 [ 0.87047598]]
delta t, R: [[ 9.99975719e-01  1.70117778e-03 -6.75778307e-03]
 [-1.70358307e-03  9.99998488e-01 -3.50188149e-04]
 [ 6.75717712e-03  3.61692091e-04  9.99977105e-01]] [[ 0.11487953]
 [-0.48213815]
 [ 0.86853066]]
delta t, R: [[ 0.9993167  -0.01316268  0.03453813]
 [ 0.01280343  0.99986182  0.01060226]
 [-0.03467291 -0.01015281  0.99934714]] [[-0.29336962]
 [-0.49353066]
 [ 0.81875622]]
delta t, R: [[ 0.99991182 -0.00298683  0.01293978]
 [ 0.00290575  0.99997606  0.00628031]
 [-0.01295823 -0.00624215  0.99989655]] [[-0.08759868]
 [-0.49366801]
 [ 0.86522735]]
delta t, R: [[ 0.99995095 -0.0063491  -0.00760211]
 [ 0.00631079  0.99996732 -0.00505304]
 [ 0.00763394  0.00500482  0.99995834]] [[ 0.08373063]
 [-0.494058  ]
 [ 0.8653877 ]]
delta t, R: [[ 0.99994771 -0.00215518  0.00999698]
 [ 0.00211261  0.99998866  0.00426702]
 [-0.01000606 -0.00424568  0.99994092]] [[-0.03046856]
 [-0.47616622]
 [ 0.87882729]]
delta t, R: [[ 0.99702294 -0.06855174 -0.03529741]
 [ 0.06732302  0.99712077 -0.03489668]
 [ 0.03758801  0.03241646  0.9987674 ]] [[ 0.49246137]
 [-0.48819187]
 [ 0.72052099]]
delta t, R: [[ 0.99577538 -0.06810011 -0.06159364]
 [ 0.06911266  0.99750408  0.01445847]
 [ 0.06045528 -0.01865429  0.99799658]] [[ 0.55506537]
 [-0.81357684]
 [ 0.17319111]]
delta t, R: [[ 0.99681823 -0.06956585 -0.03891036]
 [ 0.068502    0.9972569  -0.02803826]
 [ 0.04075413  0.02528361  0.99884926]] [[ 0.47898735]
 [-0.48513698]
 [ 0.73158269]]
delta t, R: [[ 0.98754957 -0.11656318 -0.10563557]
 [ 0.12788444  0.9859325   0.10762285]
 [ 0.09160468 -0.11979205  0.98856383]] [[ 0.27547805]
 [-0.88073053]
 [-0.38526039]]
delta t, R: [[ 0.97084841 -0.13918196 -0.19514545]
 [ 0.18217819  0.95755351  0.2233884 ]
 [ 0.15577058 -0.25242752  0.95499522]] [[ 0.42401084]
 [-0.88275115]
 [-0.20239865]]
delta t, R: [[ 0.99689149 -0.06994368 -0.03626614]
 [ 0.06860602  0.99696104 -0.03690384]
 [ 0.03873712  0.03430105  0.99866054]] [[ 0.45923849]
 [-0.431369  ]
 [ 0.77654414]]
delta t, R: [[ 0.97707434 -0.18674835 -0.10222906]
 [ 0.20384678  0.9591475   0.19616974]
 [ 0.06141837 -0.21251149  0.97522646]] [[ 0.06887146]
 [-0.94790175]
 [-0.31102894]]
delta t, R: [[ 0.99204216  0.12006352 -0.03790926]
 [-0.12505888  0.90476905 -0.40712805]
 [-0.0145821   0.40862907  0.91258405]] [[0.15157143]
 [0.85728033]
 [0.49203306]]
delta t, R: [[ 0.99046967 -0.12782543 -0.05128825]
 [ 0.131552    0.98828138  0.07742078]
 [ 0.04079088 -0.08343001  0.99567843]] [[-0.05843103]
 [-0.93584061]
 [-0.34754592]]
delta t, R: [[ 0.99525727 -0.09127258 -0.03364935]
 [ 0.09082989  0.99576142 -0.01446087]
 [ 0.0348266   0.01133592  0.99932908]] [[-0.41091652]
 [-0.65130849]
 [-0.6379223 ]]
delta t, R: [[ 0.99556616  0.05867171 -0.07352308]
 [-0.07387284  0.97155488 -0.22499758]
 [ 0.05823071  0.22943134  0.97158141]] [[0.33207233]
 [0.88041363]
 [0.33852593]]
delta t, R: [[ 0.97478301 -0.08823664  0.2049692 ]
 [ 0.08872168  0.99603296  0.00684111]
 [-0.20475972  0.01151661  0.97874451]] [[-0.99900548]
 [-0.00791269]
 [-0.04387974]]
delta t, R: [[ 0.99998509 -0.00436363 -0.00328347]
 [ 0.00435903  0.99998951 -0.00140548]
 [ 0.00328957  0.00139114  0.99999362]] [[ 0.06647143]
 [-0.47724633]
 [ 0.87625196]]
delta t, R: [[ 9.99998699e-01 -1.34849213e-03 -8.84679781e-04]
 [ 1.34873524e-03  9.99999053e-01  2.74263081e-04]
 [ 8.84309101e-04 -2.75455923e-04  9.99999571e-01]] [[ 0.04546303]
 [-0.44911421]
 [ 0.89231695]]
delta t, R: [[ 0.99999395 -0.00288044 -0.00195224]
 [ 0.00288439  0.9999938   0.00201958]
 [ 0.00194641 -0.00202519  0.99999606]] [[ 0.08779178]
 [-0.52402582]
 [ 0.84716559]]
delta t, R: [[ 0.99998554 -0.004665   -0.00267577]
 [ 0.00467794  0.99997729  0.00485117]
 [ 0.00265308 -0.00486361  0.99998465]] [[ 0.02061404]
 [-0.72064   ]
 [ 0.69300292]]
delta t, R: [[ 9.99991830e-01 -2.63460186e-04 -4.03378970e-03]
 [ 2.33129627e-04  9.99971714e-01 -7.51774719e-03]
 [ 4.03565622e-03  7.51674538e-03  9.99963605e-01]] [[ 0.09472197]
 [-0.35248237]
 [ 0.93101231]]
delta t, R: [[ 0.99999342  0.0020791  -0.00297355]
 [-0.00209556  0.99998245 -0.00554157]
 [ 0.00296197  0.00554776  0.99998022]] [[ 0.12766154]
 [-0.317524  ]
 [ 0.9396175 ]]
delta t, R: [[ 9.99998967e-01 -3.65072409e-04 -1.39010121e-03]
 [ 3.66676732e-04  9.99999267e-01  1.15402545e-03]
 [ 1.38967888e-03 -1.15453397e-03  9.99998368e-01]] [[ 0.06253582]
 [-0.47889696]
 [ 0.87564089]]
delta t, R: [[ 9.99998946e-01  4.13423104e-04 -1.39184451e-03]
 [-4.11763879e-04  9.99999205e-01  1.19218035e-03]
 [ 1.39233628e-03 -1.19160599e-03  9.99998321e-01]] [[ 0.07068143]
 [-0.54043783]
 [ 0.83840986]]
delta t, R: [[ 0.99997392 -0.00696017 -0.00192794]
 [ 0.00697278  0.99995384  0.00661002]
 [ 0.00188185 -0.00662329  0.9999763 ]] [[ 0.03211311]
 [-0.4931406 ]
 [ 0.86935671]]
delta t, R: [[ 9.99999661e-01 -1.03499046e-04 -8.16418439e-04]
 [ 1.03989042e-04  9.99999814e-01  6.00157832e-04]
 [ 8.16356172e-04 -6.00242527e-04  9.99999487e-01]] [[ 0.04988067]
 [-0.56959599]
 [ 0.82040985]]
delta t, R: [[ 0.99999497 -0.00282165 -0.00144887]
 [ 0.00282775  0.99998707  0.00422764]
 [ 0.00143693 -0.00423172  0.99999001]] [[ 0.02606085]
 [-0.68619103]
 [ 0.7269544 ]]
delta t, R: [[ 0.99997243 -0.00565937 -0.00480656]
 [ 0.00564084  0.99997664 -0.00385999]
 [ 0.00482829  0.00383277  0.999981  ]] [[ 0.08689427]
 [-0.34674019]
 [ 0.93392753]]
delta t, R: [[ 0.99998464 -0.00487677 -0.00263396]
 [ 0.00488952  0.99997625  0.00485668]
 [ 0.00261022 -0.00486948  0.99998474]] [[ 0.05610249]
 [-0.53780818]
 [ 0.84119848]]
delta t, R: [[ 0.99996781 -0.00615116 -0.00515266]
 [ 0.00617055  0.99997391  0.00375679]
 [ 0.00512942 -0.00378846  0.99997967]] [[ 0.08592258]
 [-0.50743776]
 [ 0.85739386]]
delta t, R: [[ 0.99997107 -0.00683883 -0.00332984]
 [ 0.00685253  0.99996803  0.00412173]
 [ 0.00330155 -0.00414443  0.99998596]] [[ 0.03879456]
 [-0.71138385]
 [ 0.70173214]]
delta t, R: [[ 9.99999585e-01  8.88718205e-04 -1.99312606e-04]
 [-8.88834568e-04  9.99999434e-01 -5.84494433e-04]
 [ 1.98793043e-04  5.84671347e-04  9.99999809e-01]] [[ 0.04008365]
 [-0.45588134]
 [ 0.8891375 ]]
delta t, R:time=1639768923.0778618 Pos: [3.71089404 0.         0.25408078] angle 0.0
time=1639768923.1608841 Pos: [3.75089404 0.         0.25408078] angle 0.0
time=1639768923.2439694 Pos: [3.79089404 0.         0.25408078] angle 0.0
time=1639768923.325904 Pos: [3.79089404 0.         0.25408078] angle -0.23293733985557882
time=1639768923.664123 Pos: [3.82981374 0.         0.26331424] angle -0.23293733985557882
time=1639768923.753915 Pos: [3.86873344 0.         0.2725477 ] angle -0.23293733985557882
time=1639768923.847023 Pos: [3.90765314 0.         0.28178116] angle -0.23293733985557882
time=1639768923.9502096 Pos: [3.94657285 0.         0.29101462] angle -0.23293733985557882
time=1639768924.0397308 Pos: [3.98549255 0.         0.30024808] angle -0.23293733985557882
time=1639768924.1291287 Pos: [4.02441225 0.         0.30948155] angle -0.23293733985557882
time=1639768924.2192264 Pos: [4.06333195 0.         0.31871501] angle -0.23293733985557882
time=1639768924.3041906 Pos: [4.10225165 0.         0.32794847] angle -0.23293733985557882
time=1639768924.3909452 Pos: [4.14117136 0.         0.33718193] angle -0.23293733985557882
time=1639768924.4863033 Pos: [4.18009106 0.         0.34641539] angle -0.23293733985557882
time=1639768924.5760453 Pos: [4.21901076 0.         0.35564885] angle -0.23293733985557882
time=1639768924.6607845 Pos: [4.25793046 0.         0.36488231] angle -0.23293733985557882
time=1639768924.746751 Pos: [4.29685016 0.         0.37411577] angle -0.23293733985557882
time=1639768924.8310962 Pos: [4.33576987 0.         0.38334923] angle -0.23293733985557882
time=1639768924.918499 Pos: [4.37468957 0.         0.39258269] angle -0.23293733985557882
time=1639768925.009657 Pos: [4.41360927 0.         0.40181616] angle -0.23293733985557882
time=1639768925.0981843 Pos: [4.45252897 0.         0.41104962] angle -0.23293733985557882
time=1639768925.1846266 Pos: [4.49144867 0.         0.42028308] angle -0.23293733985557882
time=1639768925.2678928 Pos: [4.53036838 0.         0.42951654] angle -0.23293733985557882
time=1639768925.3491046 Pos: [4.56928808 0.         0.43875   ] angle -0.23293733985557882
time=1639768925.4287393 Pos: [4.56928808 0.         0.43875   ] angle -0.23293733985557882
 [[ 9.99974105e-01 -5.53455691e-03 -4.59972718e-03]
 [ 5.53795638e-03  9.99984401e-01  7.26649906e-04]
 [ 4.59563374e-03 -7.52104178e-04  9.99989157e-01]] [[ 0.07744505]
 [-0.45593264]
 [ 0.88663842]]
delta t, R: [[ 9.99988009e-01 -4.66956846e-03 -1.47534390e-03]
 [ 4.66957925e-03  9.99989097e-01  3.86917571e-06]
 [ 1.47530974e-03 -1.07583646e-05  9.99998912e-01]] [[ 0.04707593]
 [-0.46078654]
 [ 0.8862616 ]]
delta t, R: [[ 9.99989466e-01 -3.92033391e-03 -2.38729989e-03]
 [ 3.92120022e-03  9.99992248e-01  3.58312432e-04]
 [ 2.38587668e-03 -3.67669738e-04  9.99997086e-01]] [[ 0.05604214]
 [-0.47416855]
 [ 0.87864866]]
delta t, R: [[ 9.99995911e-01 -2.22893045e-03 -1.79181121e-03]
 [ 2.22854626e-03  9.99997493e-01 -2.16380752e-04]
 [ 1.79228902e-03  2.12386733e-04  9.99998371e-01]] [[ 0.05166994]
 [-0.4839172 ]
 [ 0.87358706]]
delta t, R: [[-0.56176549  0.71017643  0.42434534]
 [ 0.45751251 -0.16066955  0.87456709]
 [ 0.68927631  0.68544491 -0.23465599]] [[ 0.07055007]
 [-0.28441445]
 [ 0.95610204]]
delta t, R: [[ 0.98045569  0.1919495   0.04315125]
 [-0.19637308  0.94140807  0.27420515]
 [ 0.01201061 -0.27731974  0.96070261]] [[ 0.07406422]
 [-0.98801746]
 [-0.13541043]]
delta t, R: [[ 0.98392214  0.17573595  0.03184505]
 [-0.17857541  0.96519941  0.19105214]
 [ 0.0028379  -0.19366717  0.98106318]] [[ 0.09119076]
 [-0.99085062]
 [-0.09949518]]
delta t, R: [[ 0.97920861  0.20185474 -0.02012845]
 [-0.19190761  0.95394565  0.2305627 ]
 [ 0.06574162 -0.22190618  0.97284926]] [[ 0.26877887]
 [-0.96139861]
 [-0.05891205]]
delta t, R: [[ 0.9903715   0.1364211  -0.02352815]
 [-0.13256114  0.9835342   0.12283328]
 [ 0.03989779 -0.11853167  0.99214838]] [[ 0.47147902]
 [-0.83864345]
 [-0.27273559]]
delta t, R: [[ 0.98428969  0.17347248 -0.03288022]
 [-0.16680861  0.97469025  0.14884152]
 [ 0.05786794 -0.14101847  0.98831427]] [[ 0.4028227 ]
 [-0.91007904]
 [-0.09741667]]
delta t, R: [[ 0.98425616  0.16587684 -0.06103018]
 [-0.15447345  0.97511079  0.15904997]
 [ 0.0858939  -0.14711837  0.98538237]] [[ 0.50197709]
 [-0.86056924]
 [-0.08625302]]
delta t, R: [[ 0.98952181  0.14266791 -0.02219115]
 [-0.13869351  0.9819542   0.12856925]
 [ 0.0401334  -0.12414431  0.99145222]] [[ 0.40503415]
 [-0.90259702]
 [-0.1458285 ]]
delta t, R: [[ 0.99297147  0.11127373 -0.04032131]
 [-0.10778108  0.99092191  0.08035547]
 [ 0.04889673 -0.07544481  0.9959504 ]] [[ 0.61617755]
 [-0.77279274]
 [-0.15204149]]
delta t, R: [[ 0.98958223  0.1344869  -0.05138364]
 [-0.12747237  0.98437641  0.12146558]
 [ 0.06691637 -0.11365018  0.99126477]] [[ 0.55184628]
 [-0.82513981]
 [-0.12087173]]
delta t, R: [[ 0.98058909  0.16584048 -0.10460386]
 [-0.14856543  0.97658529  0.15559397]
 [ 0.12795837 -0.13703324  0.98226705]] [[ 0.58437615]
 [-0.8077486 ]
 [ 0.07776061]]
delta t, R: [[ 0.99870346 -0.00251277  0.05084366]
 [ 0.00530242  0.99848289 -0.05480688]
 [-0.05062881  0.05500542  0.99720165]] [[-0.4457574 ]
 [ 0.85408965]
 [-0.26801344]]
delta t, R: [[ 0.99937633  0.0037054   0.03511734]
 [-0.00261308  0.99951286 -0.03109994]
 [-0.03521547  0.03098878  0.99889918]] [[ 0.01552237]
 [ 0.68584622]
 [-0.72758094]]
delta t, R: [[ 0.99671828 -0.02592019  0.07668644]
 [ 0.03107495  0.99728185 -0.06680766]
 [-0.07474633  0.06897144  0.99481452]] [[-0.51486642]
 [ 0.78663447]
 [-0.34076205]]
delta t, R: [[ 0.99961419  0.01040803  0.02575145]
 [-0.00983432  0.99970282 -0.02230605]
 [-0.02597596  0.0220442   0.99941948]] [[ 0.11261234]
 [ 0.62048115]
 [-0.77609381]]
delta t, R: [[ 9.99577417e-01  8.35489196e-04  2.90566549e-02]
 [-2.07114858e-04  9.99766193e-01 -2.16221214e-02]
 [-2.90679263e-02  2.16069662e-02  9.99343882e-01]] [[ 0.02158528]
 [ 0.64163878]
 [-0.76670317]]
delta t, R: [[ 0.99861061  0.0457082  -0.02622247]
 [-0.04527061  0.99882932  0.01704572]
 [ 0.0269709  -0.01583493  0.99951079]] [[ 0.81026775]
 [-0.58445285]
 [ 0.043371  ]]
delta t, R: [[ 0.99958378  0.00398801  0.02857194]
 [-0.00337316  0.9997624  -0.02153523]
 [-0.02865103  0.02142989  0.99935973]] [[-0.03195484]
 [ 0.64974023]
 [-0.75948438]]
delta t, R: [[ 9.99641672e-01 -2.30234237e-04  2.67670429e-02]
 [ 7.07851131e-04  9.99840687e-01 -1.78353632e-02]
 [-2.67586722e-02  1.78479194e-02  9.99482579e-01]] [[ 0.01433516]
 [ 0.61974637]
 [-0.78467123]]
delta t, R: [[ 0.99847934 -0.01515783  0.05300228]
 [ 0.01722158  0.99910248 -0.03869945]
 [-0.05236811  0.03955339  0.99784423]] [[-0.20984503]
 [ 0.71618615]
 [-0.66561435]]
delta t, R: [[ 0.99932482 -0.01449461  0.03376104]
 [ 0.01489226  0.99982231 -0.01155678]
 [-0.03358753  0.01205175  0.99936311]] [[-0.90790739]
 [ 0.3786941 ]
 [-0.17970796]]
False: Accepted
