False: Incorrect solution execution: Stopping the simulator because we are at an invalid pose.
time=1640115532.55457 gym-duckietown 2019.0.0

time=1640115532.8165762 Registering gym environment id: Duckietown-4way-v0
time=1640115532.8167207 Registering gym environment id: Duckietown-loop_dyn_duckiebots-v0
time=1640115532.8168025 Registering gym environment id: Duckietown-loop_empty-v0
time=1640115532.8168788 Registering gym environment id: Duckietown-loop_obstacles-v0
time=1640115532.8169434 Registering gym environment id: Duckietown-loop_pedestrians-v0
time=1640115532.8169954 Registering gym environment id: Duckietown-small_loop-v0
time=1640115532.8170629 Registering gym environment id: Duckietown-small_loop_cw-v0
time=1640115532.817182 Registering gym environment id: Duckietown-straight_road-v0
time=1640115532.8172626 Registering gym environment id: Duckietown-straight_road_10_tiles_no_start_tile-v0
time=1640115532.8173454 Registering gym environment id: Duckietown-straight_road_no_start_tile-v0
time=1640115532.817417 Registering gym environment id: Duckietown-straight_road_trafficlight-v0
time=1640115532.8174858 Registering gym environment id: Duckietown-straight_road_with_side_floor-v0
time=1640115532.817562 Registering gym environment id: Duckietown-udem1-v0
time=1640115532.8176434 Registering gym environment id: Duckietown-zigzag_dists-v0
time=1640115534.658382 Falling back to non-multisampled frame buffer
time=1640115534.6627285 Falling back to non-multisampled frame buffer
time=1640115534.6672409 loading map file "/home/appuser/aido-auto/gym-duckietown/gym_duckietown/maps/straight_road.yaml"
time=1640115534.6743813 loading mesh "duckiebot.obj"
time=1640115534.674662 loading materials from "/home/appuser/aido-auto/gym-duckietown/gym_duckietown/meshes/duckiebot.mtl"
time=1640115535.0987453 loading texture "straight_1.png"
time=1640115535.1156774 road_tile_size=0.585
time=1640115535.1161685 Starting at [0.2925  0.      0.43875] 0
time=1640115535.116501 Pos: [0.2925  0.      0.43875] angle 0
time=1640115535.2821674 using DuckietownEnv
/usr/local/lib/python3.6/dist-packages/gym/spaces/box.py:74: UserWarning: [33mWARN: Box bound precision lowered by casting to float32[0m
  "Box bound precision lowered by casting to {}".format(self.dtype)
time=1640115535.2835445 loading mesh "duckie.obj"
time=1640115535.3316338 loading texture "duckie.png"
time=1640115535.9813287 Pos: [0.2925  0.      0.43875] angle 0
time=1640115536.2675707 Pos: [0.3325  0.      0.43875] angle 0
time=1640115536.3767438 Pos: [0.3725  0.      0.43875] angle 0
time=1640115536.5232747 Pos: [0.4125  0.      0.43875] angle 0
time=1640115536.6757972 Pos: [0.4525  0.      0.43875] angle 0
time=1640115536.8258703 Pos: [0.4925  0.      0.43875] angle 0
time=1640115536.9517472 Pos: [0.5325  0.      0.43875] angle 0
time=1640115537.0798905 Pos: [0.5725  0.      0.43875] angle 0
time=1640115537.2055752 Pos: [0.6125  0.      0.43875] angle 0
time=1640115537.3405654 Pos: [0.6525  0.      0.43875] angle 0
time=1640115537.5001113 Pos: [0.6925  0.      0.43875] angle 0
time=1640115537.714161 Pos: [0.7325  0.      0.43875] angle 0
time=1640115537.896992 Pos: [0.7725  0.      0.43875] angle 0
time=1640115538.0338228 Pos: [0.8125  0.      0.43875] angle 0
time=1640115538.1857789 Pos: [0.8525  0.      0.43875] angle 0
time=1640115538.3260477 Pos: [0.8925  0.      0.43875] angle 0
time=1640115538.4658892 Pos: [0.9325  0.      0.43875] angle 0
time=1640115538.6059659 Pos: [0.9725  0.      0.43875] angle 0
time=1640115538.7491803 Pos: [1.0125  0.      0.43875] angle 0
time=1640115538.9006572 Pos: [1.0525  0.      0.43875] angle 0
env.road_tile_size = 0.585
id: 0 , cur_t None
id: 0 , cur_R None
id: 0 , delta_t None
id: 0 , delta_R None
id: 0 , current state: States.Forward_correct_lane
id: 1 , cur_t [[ 0.10824903]
 [-0.50150387]
 [ 0.85835658]]
id: 1 , cur_R [[ 9.99998626e-01 -1.65719580e-03  3.24487411e-05]
 [ 1.65723841e-03  9.99997701e-01 -1.36035619e-03]
 [-3.01942900e-05  1.36040810e-03  9.99999074e-01]]
id: 1 , delta_t None
id: 1 , delta_R None
id: 1 , current state: States.Forward_correct_lane
id: 2 , cur_t [[ 0.12708533]
 [-0.9577405 ]
 [ 1.74801569]]
id: 2 , cur_R [[ 9.99972634e-01 -7.39458052e-03  2.26900235e-04]
 [ 7.39505684e-03  9.99970290e-01 -2.17559981e-03]
 [-2.10805845e-04  2.17721821e-03  9.99997608e-01]]
id: 2 , delta_t [[ 0.01805332]
 [-0.45505649]
 [ 0.89027954]]
id: 2 , delta_R [[ 9.99983522e-01 -5.73767912e-03  1.86646914e-04]
 [ 5.73782951e-03  9.99983206e-01 -8.15453407e-04]
 [-1.81964969e-04  8.16510918e-04  9.99999650e-01]]
id: 2 , current state: States.Forward_correct_lane
id: 3 , cur_t [[ 0.18297633]
 [-1.43302259]
 [ 2.62607214]]
id: 3 , cur_R [[ 9.99977009e-01 -6.76627703e-03 -4.45558310e-04]
 [ 6.76498014e-03  9.99973054e-01 -2.85058577e-03]
 [ 4.64834158e-04  2.84750604e-03  9.99995838e-01]]
id: 3 , delta_t [[ 0.05218963]
 [-0.47376954]
 [ 0.87910106]]
id: 3 , delta_R [[ 9.99999577e-01  6.29780170e-04 -6.71089905e-04]
 [-6.30233050e-04  9.99999574e-01 -6.74845499e-04]
 [ 6.70664614e-04  6.75268156e-04  9.99999547e-01]]
id: 3 , current state: States.Forward_correct_lane
id: 4 , cur_t [[ 0.16699613]
 [-1.87094368]
 [ 3.52494351]]
id: 4 , cur_R [[ 0.9999373  -0.01114148 -0.00112605]
 [ 0.01113879  0.99993517 -0.00236264]
 [ 0.0011523   0.00234994  0.99999657]]
id: 4 , delta_t [[-0.01852454]
 [-0.43524162]
 [ 0.90012309]]
id: 4 , delta_R [[ 9.99990196e-01 -4.37341135e-03 -6.92968725e-04]
 [ 4.37375134e-03  9.99990315e-01  4.89873794e-04]
 [ 6.90819594e-04 -4.92899864e-04  9.99999640e-01]]
id: 4 , current state: States.Forward_correct_lane
id: 5 , cur_t [[ 0.207736  ]
 [-2.33265571]
 [ 4.41103734]]
id: 5 , cur_R [[ 9.99837303e-01 -1.78282147e-02 -2.74250766e-03]
 [ 1.78281870e-02  9.99841065e-01 -3.45482124e-05]
 [ 2.74268771e-03 -1.43513478e-05  9.99996239e-01]]
id: 5 , delta_t [[ 0.03661545]
 [-0.46005373]
 [ 0.88713577]]
id: 5 , delta_R [[ 0.99997633 -0.0066836  -0.00163228]
 [ 0.0066874   0.99997491  0.00233557]
 [ 0.00161663 -0.00234643  0.99999594]]
id: 5 , current state: States.Forward_correct_lane
id: 6 , cur_t [[ 0.27901724]
 [-2.81143116]
 [ 5.28607622]]
id: 6 , cur_R [[ 0.99993115 -0.01146502 -0.00249822]
 [ 0.01146085  0.99993291 -0.00167784]
 [ 0.00251728  0.00164909  0.99999547]]
id: 6 , delta_t [[ 0.06513391]
 [-0.47998273]
 [ 0.87485665]]
id: 6 , delta_R [[ 9.99979721e-01  6.36384655e-03  2.44457134e-04]
 [-6.36343199e-03  9.99978374e-01 -1.66074573e-03]
 [-2.55020579e-04  1.65915646e-03  9.99998591e-01]]
id: 6 , current state: States.Forward_correct_lane
id: 7 , cur_t [[ 0.26045761]
 [-3.24592434]
 [ 6.18656011]]
id: 7 , cur_R [[ 9.99821536e-01 -1.85311180e-02 -3.67341354e-03]
 [ 1.85324421e-02  9.99828206e-01  3.26748244e-04]
 [ 3.66672746e-03 -3.94767255e-04  9.99993200e-01]]
id: 7 , delta_t [[-0.02127124]
 [-0.43276626]
 [ 0.90125518]]
id: 7 , delta_R [[ 0.99997434 -0.00706491 -0.00118712]
 [ 0.0070673   0.99997298  0.0020222 ]
 [ 0.0011728  -0.00203054  0.99999725]]
id: 7 , current state: States.Forward_correct_lane
id: 8 , cur_t [[ 0.53830625]
 [-3.80962816]
 [ 6.96440208]]
id: 8 , cur_R [[ 0.9997278  -0.02242343 -0.00644341]
 [ 0.02243701  0.99974617  0.00204219]
 [ 0.00639599 -0.0021862   0.99997716]]
id: 8 , delta_t [[ 0.27020437]
 [-0.56906289]
 [ 0.77663184]]
id: 8 , delta_R [[ 0.99998858 -0.00389429 -0.00276879]
 [ 0.00389909  0.9999909   0.00172977]
 [ 0.00276203 -0.00174055  0.99999467]]
id: 8 , current state: States.Forward_correct_lane
id: 9 , cur_t [[ 0.55274209]
 [-4.25917636]
 [ 7.8575415 ]]
id: 9 , cur_R [[ 0.99962301 -0.02651899 -0.00711192]
 [ 0.0265443   0.99964155  0.00348891]
 [ 0.00701685 -0.00367638  0.99996862]]
id: 9 , delta_t [[ 0.0100579 ]
 [-0.45171037]
 [ 0.89210794]]
id: 9 , delta_R [[ 9.99991384e-01 -4.09823276e-03 -6.60208543e-04]
 [ 4.09920182e-03  9.99990513e-01  1.47319231e-03]
 [ 6.54164795e-04 -1.47588595e-03  9.99998697e-01]]
id: 9 , current state: States.Forward_correct_lane
id: 10 , cur_t [[ 0.62338323]
 [-4.733372  ]
 [ 8.73512245]]
id: 10 , cur_R [[ 9.99708413e-01 -2.33648501e-02 -6.09698513e-03]
 [ 2.33711994e-02  9.99726383e-01  9.72213408e-04]
 [ 6.07260127e-03 -1.11442378e-03  9.99980941e-01]]
id: 10 , delta_t [[ 0.06418517]
 [-0.47912532]
 [ 0.87539659]]
id: 10 , delta_R [[ 0.99999451  0.00315881  0.00100391]
 [-0.00315626  0.9999918  -0.0025392 ]
 [-0.00101192  0.00253601  0.99999627]]
id: 10 , current state: States.Forward_correct_lane
id: 11 , cur_t [[ 0.63435231]
 [-5.18381247]
 [ 9.62786153]]
id: 11 , cur_R [[ 0.99966043 -0.02533746 -0.00608509]
 [ 0.02534402  0.99967829  0.0010025 ]
 [ 0.00605773 -0.00115638  0.99998098]]
id: 11 , delta_t [[ 0.0058598 ]
 [-0.4515684 ]
 [ 0.89221726]]
id: 11 , delta_R [[ 9.99998053e-01 -1.97318029e-03  1.38030299e-05]
 [ 1.97317970e-03  9.99998052e-01  4.23198235e-05]
 [-1.38865077e-05 -4.22925053e-05  9.99999999e-01]]
id: 11 , current state: States.Forward_correct_lane
id: 12 , cur_t [[ 0.6152118 ]
 [-5.61531246]
 [10.52977139]]
id: 12 , cur_R [[ 9.99652491e-01 -2.61761579e-02 -3.11542131e-03]
 [ 2.61732842e-02  9.99656960e-01 -9.59625338e-04]
 [ 3.13947190e-03  8.77751052e-04  9.99994687e-01]]
id: 12 , delta_t [[-0.02460642]
 [-0.43191915]
 [ 0.9015766 ]]
id: 12 , delta_R [[ 9.99995239e-01 -8.35651880e-04  2.97053280e-03]
 [ 8.41467442e-04  9.99997731e-01 -1.95703996e-03]
 [-2.96889065e-03  1.95953025e-03  9.99993673e-01]]
id: 12 , current state: States.Forward_correct_lane
id: 13 , cur_t [[ 0.86590944]
 [-6.17502946]
 [11.31962427]]
id: 13 , cur_R [[ 0.99962812 -0.02401065 -0.01292681]
 [ 0.02409183  0.99969076  0.0061617 ]
 [ 0.01277487 -0.00647084  0.99989746]]
id: 13 , delta_t [[ 0.2384406 ]
 [-0.565394  ]
 [ 0.78960477]]
id: 13 , delta_R [[ 0.99994952  0.00217354 -0.00980951]
 [-0.0021038   0.99997248  0.00711478]
 [ 0.00982471 -0.00709379  0.99992657]]
id: 13 , current state: States.Forward_correct_lane
id: 14 , cur_t [[ 0.83433025]
 [-6.59304413]
 [12.22751551]]
id: 14 , cur_R [[ 0.99963766 -0.02407403 -0.01204118]
 [ 0.024109    0.99970551  0.00276723]
 [ 0.01197101 -0.00305653  0.99992367]]
id: 14 , delta_t [[-0.03004   ]
 [-0.42300198]
 [ 0.90563068]]
id: 14 , delta_R [[ 9.99999606e-01 -5.76735163e-05  8.86077159e-04]
 [ 6.06805527e-05  9.99994239e-01 -3.39399866e-03]
 [-8.85876310e-04  3.39405109e-03  9.99993848e-01]]
id: 14 , current state: States.Forward_correct_lane
id: 15 , cur_t [[ 0.87454765]
 [-7.06280358]
 [13.1093934 ]]
id: 15 , cur_R [[ 0.99971333 -0.02025318 -0.01276956]
 [ 0.0202793   0.99979251  0.0019199 ]
 [ 0.01272803 -0.00217831  0.99991662]]
id: 15 , delta_t [[ 0.03943437]
 [-0.47328479]
 [ 0.88002639]]
id: 15 , delta_R [[ 9.99992432e-01  3.81953594e-03 -7.39103154e-04]
 [-3.82019575e-03  9.99992304e-01 -8.93372259e-04]
 [ 7.35685198e-04  8.96189017e-04  9.99999328e-01]]
id: 15 , current state: States.Forward_correct_lane
id: 16 , cur_t [[ 0.91853584]
 [-7.53097854]
 [13.99193362]]
id: 16 , cur_R [[ 9.99786933e-01 -1.72323956e-02 -1.13636644e-02]
 [ 1.72381817e-02  9.99851327e-01  4.11416779e-04]
 [ 1.13548852e-02 -6.07218032e-04  9.99935347e-01]]
id: 16 , delta_t [[ 0.04571432]
 [-0.47089117]
 [ 0.88100608]]
id: 16 , delta_R [[ 0.99999445  0.00302435  0.00140014]
 [-0.00302218  0.99999424 -0.0015472 ]
 [-0.00140481  0.00154296  0.99999782]]
id: 16 , current state: States.Forward_correct_lane
id: 17 , cur_t [[ 0.93427099]
 [-7.98357105]
 [14.88351224]]
id: 17 , cur_R [[ 9.99719876e-01 -2.04138342e-02 -1.19768183e-02]
 [ 2.04176427e-02  9.99791519e-01  1.95793963e-04]
 [ 1.19703244e-02 -4.40277513e-04  9.99928256e-01]]
id: 17 , delta_t [[ 0.0180537 ]
 [-0.45333776]
 [ 0.89115595]]
id: 17 , delta_R [[ 9.99994749e-01 -3.18237374e-03 -6.11943828e-04]
 [ 3.18226446e-03  9.99994920e-01 -1.79470144e-04]
 [ 6.12511861e-04  1.77521835e-04  9.99999797e-01]]
id: 17 , current state: States.Forward_correct_lane
id:time=1640115539.067949 Pos: [1.0925  0.      0.43875] angle 0
time=1640115539.201463 Pos: [1.1325  0.      0.43875] angle 0
time=1640115539.3631985 Pos: [1.1725  0.      0.43875] angle 0
time=1640115539.5079842 Pos: [1.2125  0.      0.43875] angle 0
time=1640115539.6774728 Pos: [1.2525  0.      0.43875] angle 0
time=1640115539.8263276 Pos: [1.2925  0.      0.43875] angle 0
time=1640115539.9769526 Pos: [1.3325  0.      0.43875] angle 0
time=1640115540.115235 Pos: [1.3325  0.      0.43875] angle 0.046587467971115765
time=1640115540.2500062 Pos: [1.3325  0.      0.43875] angle 0.09317493594223153
time=1640115540.375692 Pos: [1.3325  0.      0.43875] angle 0.1397624039133473
time=1640115540.5016377 Pos: [1.3325  0.      0.43875] angle 0.18634987188446306
time=1640115540.643988 Pos: [1.3325  0.      0.43875] angle 0.23293733985557882
time=1640115540.7778223 Pos: [1.3325  0.      0.43875] angle 0.2795248078266946
time=1640115540.9337068 Pos: [1.37094747 0.         0.42771404] angle 0.2795248078266946
time=1640115541.1327093 Pos: [1.40939493 0.         0.41667809] angle 0.2795248078266946
time=1640115541.3395748 Pos: [1.4478424  0.         0.40564213] angle 0.2795248078266946
time=1640115541.580292 Pos: [1.48628986 0.         0.39460617] angle 0.2795248078266946
 18 , cur_t [[ 0.95180927]
 [-8.43337601]
 [15.77646683]]
id: 18 , cur_R [[ 9.99635027e-01 -2.41313137e-02 -1.21446647e-02]
 [ 2.41348032e-02  9.99708703e-01  1.40827668e-04]
 [ 1.21377286e-02 -4.33885360e-04  9.99926241e-01]]
id: 18 , delta_t [[ 0.01903836]
 [-0.45046236]
 [ 0.89259241]]
id: 18 , delta_R [[ 9.99993072e-01 -3.71846975e-03 -1.67213294e-04]
 [ 3.71846806e-03  9.99993086e-01 -1.04302738e-05]
 [ 1.67250923e-04  9.80842425e-06  9.99999986e-01]]
id: 18 , current state: States.Forward_correct_lane
id: 19 , cur_t [[ 0.94898798]
 [-8.87555386]
 [16.67338979]]
id: 19 , cur_R [[ 9.99560621e-01 -2.77615649e-02 -1.03856358e-02]
 [ 2.77618244e-02  9.99614559e-01 -1.19207667e-04]
 [ 1.03849422e-02 -1.69168909e-04  9.99946061e-01]]
id: 19 , delta_t [[-0.00260553]
 [-0.44237012]
 [ 0.8968288 ]]
id: 19 , delta_R [[ 9.99991861e-01 -3.63074186e-03  1.75957107e-03]
 [ 3.63112737e-03  9.99993384e-01 -2.15951507e-04]
 [-1.75877536e-03  2.22338976e-04  9.99998429e-01]]
id: 19 , current state: States.Forward_correct_lane
id: 20 , cur_t [[ 1.49175943]
 [-9.52465161]
 [17.20637314]]
id: 20 , cur_R [[ 0.99927145 -0.0095889  -0.03694086]
 [ 0.01034002  0.99974257  0.02019586]
 [ 0.03673769 -0.02056312  0.99911336]]
id: 20 , delta_t [[ 0.53004783]
 [-0.66400592]
 [ 0.52739495]]
id: 20 , delta_R [[ 0.99948225  0.0181608  -0.02655987]
 [-0.01762869  0.99964188  0.02013303]
 [ 0.02691599 -0.01965439  0.99944446]]
id: 20 , current state: States.Forward_correct_lane
id: 21 , cur_t [[ 1.46969842]
 [-9.95152009]
 [18.11041773]]
id: 21 , cur_R [[ 0.99925888 -0.01087306 -0.03692528]
 [ 0.01162007  0.99973092  0.02007631]
 [ 0.03669705 -0.02049051  0.99911634]]
id: 21 , delta_t [[ 0.00675375]
 [-0.44513702]
 [ 0.895437  ]]
id: 21 , delta_R [[ 9.99999175e-01 -1.28364702e-03  4.15128238e-05]
 [ 1.28365001e-03  9.99999174e-01 -7.21771131e-05]
 [-4.14201396e-05  7.22303415e-05  9.99999997e-01]]
id: 21 , current state: States.Forward_correct_lane
id: 22 , cur_t [[  1.52831597]
 [-10.42098505]
 [ 18.99142092]]
id: 22 , cur_R [[ 0.99921328 -0.01238231 -0.03767634]
 [ 0.01313743  0.99971643  0.01986138]
 [ 0.03741972 -0.02034072  0.9990926 ]]
id: 22 , delta_t [[ 0.08544911]
 [-0.48802819]
 [ 0.8686351 ]]
id: 22 , delta_R [[ 9.99998578e-01 -1.52444466e-03 -7.21144402e-04]
 [ 1.52433054e-03  9.99998826e-01 -1.58767908e-04]
 [ 7.21385588e-04  1.57668420e-04  9.99999727e-01]]
id: 22 , current state: States.Forward_correct_lane
id: 23 , cur_t [[  1.53700258]
 [-10.85691263]
 [ 19.89136075]]
id: 23 , cur_R [[ 0.99914532 -0.01444199 -0.03873071]
 [ 0.01529065  0.99964747  0.02170576]
 [ 0.03840358 -0.02227943  0.99901391]]
id: 23 , delta_t [[ 0.0366283 ]
 [-0.45421695]
 [ 0.89013781]]
id: 23 , delta_R [[ 0.99999732 -0.00208094 -0.00101407]
 [ 0.00208288  0.99999598  0.00192468]
 [ 0.00101006 -0.00192679  0.99999763]]
id: 23 , current state: States.Forward_correct_lane
id: 24 , cur_t [[  1.50164633]
 [-11.27191042]
 [ 20.80049593]]
id: 24 , cur_R [[ 0.99913161 -0.01360895 -0.0393806 ]
 [ 0.01446417  0.99966391  0.021514  ]
 [ 0.03907458 -0.02206493  0.99899265]]
id: 24 , delta_t [[-0.00675756]
 [-0.43459588]
 [ 0.90060022]]
id: 24 , delta_R [[ 9.99999442e-01  8.18435522e-04 -6.68328696e-04]
 [-8.18585173e-04  9.99999640e-01 -2.23675475e-04]
 [ 6.68145392e-04  2.24222434e-04  9.99999752e-01]]
id: 24 , current state: States.Forward_correct_lane
id: 25 , cur_t [[  1.61644624]
 [-11.76721111]
 [ 21.66159883]]
id: 25 , cur_R [[ 0.9987677  -0.01312492 -0.04786243]
 [ 0.0144372   0.99952641  0.02717573]
 [ 0.04748309 -0.02783324  0.99848418]]
id: 25 , delta_t [[ 0.14118334]
 [-0.5156967 ]
 [ 0.84505868]]
id: 25 , delta_R [[ 9.99963846e-01  2.96116381e-04 -8.49819249e-03]
 [-2.48037815e-04  9.99983963e-01  5.65800135e-03]
 [ 8.49973163e-03 -5.65568891e-03  9.99947883e-01]]
id: 25 , current state: States.Forward_correct_lane
id: 26 , cur_t [[  2.34353587]
 [-12.37596965]
 [ 21.97901608]]
id: 26 , cur_R [[ 0.98628571  0.0271684  -0.16279548]
 [-0.01941814  0.99860946  0.04901114]
 [ 0.16390066 -0.0451778   0.9854418 ]]
id: 26 , delta_t [[ 0.73247682]
 [-0.62684798]
 [ 0.26559237]]
id: 26 , delta_R [[ 0.99250552  0.03697065 -0.116473  ]
 [-0.03484667  0.9991881   0.02022028]
 [ 0.11712599 -0.01601004  0.99298801]]
id: 26 , current state: States.Change_lane_to_oncoming
id: 27 , cur_t [[  2.17306994]
 [-12.71710776]
 [ 22.90344355]]
id: 27 , cur_R [[ 0.96587807  0.05297428 -0.25352177]
 [-0.04089018  0.99777271  0.05270304]
 [ 0.25574901 -0.04053816  0.9658929 ]]
id: 27 , delta_t [[-0.00998958]
 [-0.38705863]
 [ 0.92200099]]
id: 27 , delta_R [[ 9.95343162e-01  2.17196756e-02 -9.39161578e-02]
 [-2.18013239e-02  9.99762311e-01  1.56675971e-04]
 [ 9.38972379e-02  1.89155022e-03  9.95580098e-01]]
id: 27 , current state: States.Change_lane_to_oncoming
id: 28 , cur_t [[  2.42395628]
 [-12.4344973 ]
 [ 21.97759941]]
id: 28 , cur_R [[ 0.93689458  0.07335667 -0.3418294 ]
 [-0.05840679  0.99684     0.0538393 ]
 [ 0.34469869 -0.0304766   0.93821852]]
id: 28 , delta_t [[-0.00601409]
 [ 0.33280355]
 [-0.942977  ]]
id: 28 , delta_R [[ 0.99547314  0.01686805 -0.09353448]
 [-0.01725639  0.9998455  -0.00334454]
 [ 0.09346362  0.00494347  0.99561042]]
id: 28 , current state: States.Change_lane_to_oncoming
id: 29 , cur_t [[  2.70034872]
 [-12.15535681]
 [ 21.05798656]]
id: 29 , cur_R [[ 0.89928509  0.09196393 -0.42758504]
 [-0.07543108  0.99560597  0.05548789]
 [ 0.4308091  -0.01764623  0.90227054]]
id: 29 , delta_t [[-0.07434247]
 [ 0.3265603 ]
 [-0.94224814]]
id: 29 , delta_R [[ 0.99544263  0.01612809 -0.09398855]
 [-0.01660403  0.99985297 -0.00428391]
 [ 0.09390564  0.00582498  0.99556406]]
id: 29 , current state: States.Change_lane_to_oncoming
id: 30 , cur_t [[  3.52096392]
 [-12.71580443]
 [ 20.94623169]]
id: 30 , cur_R [[ 0.84373931  0.10078564 -0.52720606]
 [-0.07820964  0.99481493  0.0650116 ]
 [ 0.53102469 -0.01362025  0.84724687]]
id: 30 , delta_t [[ 0.73209717]
 [-0.48054595]
 [-0.48281396]]
id: 30 , delta_R [[ 0.99345625  0.00744507 -0.11397041]
 [-0.00664367  0.99995048  0.0074099 ]
 [ 0.11401993 -0.00660423  0.99345651]]
id: 30 , current state: States.Change_lane_to_oncoming
id: 31 , cur_t [[  3.04122029]
 [-12.06837604]
 [ 20.35404716]]
id: 31 , cur_R [[ 0.79673802  0.10392648 -0.5953216 ]
 [-0.09017444  0.99451838  0.05293172]
 [ 0.59755928  0.01151007  0.80174212]]
id: 31 , delta_t [[-0.76987832]
 [ 0.60378586]
 [-0.20671238]]
id: 31 , delta_R [[ 0.99657064  0.00237221 -0.0827123 ]
 [-0.00375647  0.99985542 -0.0165842 ]
 [ 0.082661    0.01683803  0.99643547]]
id: 31 , current state: States.Change_lane_to_oncoming
id: 32 , cur_t [[  2.97093674]
 [-12.49029129]
 [ 21.2579541 ]]
id: 32 , cur_R [[ 0.78070415  0.06623726 -0.62138044]
 [-0.07028179  0.99736451  0.01801377]
 [ 0.62093599  0.0296083   0.78330189]]
id: 32 , delta_t [[ 0.52218637]
 [-0.41650276]
 [ 0.74420887]]
id: 32 , delta_R [[ 0.99882169 -0.03741612 -0.03090747]
 [ 0.03693243  0.99918846 -0.01607539]
 [ 0.03148386  0.01491496  0.99939297]]
id: 32 , current state: States.Change_lane_to_oncoming
id: 33 , cur_t [[  2.93532502]
 [-12.95348592]
 [ 22.14349491]]
id: 33 , cur_R [[ 0.75700498  0.02240063 -0.65302501]
 [-0.04461871  0.9988515  -0.0174598 ]
 [ 0.65188391  0.04235429  0.75713505]]
id: 33 , delta_t [[ 0.55461609]
 [-0.43811336]
 [ 0.70743034]]
id: 33 , delta_R [[ 0.99825766 -0.04262552 -0.04080085]
 [ 0.04217635  0.99904041 -0.01180736]
 [ 0.04126499  0.01006596  0.99909753]]
id: 33 , current state: States.Change_lane_to_oncoming
id: 34 , cur_t [[  2.75675416]
 [-13.36183   ]
 [ 23.03868627]]
id: 34 , cur_R [[ 0.74118834 -0.02793463 -0.67071567]
 [-0.02759007  0.99702196 -0.07201393]
 [ 0.67072993  0.07188098  0.73821033]]
id: 34 , delta_t [[ 0.46660159]
 [-0.37395999]
 [ 0.8015216 ]]
id: 34 , delta_R [[ 0.99845162 -0.04926285 -0.02583674]
 [ 0.048475    0.99836526 -0.03028164]
 [ 0.02728626  0.02898231  0.99920743]]
id: 34 , current state: States.Change_lane_to_oncoming
id: 35 , cur_t [[  3.07833954]
 [-14.02436145]
 [ 23.71517346]]
id: 35 , cur_R [[ 0.66845404 -0.09264042 -0.73796134]
 [ 0.04233952  0.99534312 -0.08659936]
 [ 0.74254734  0.02664276  0.66926348]]
id: 35 , delta_t [[ 0.71037482]
 [-0.62091521]
 [ 0.33140898]]time=1640115541.7867262 Pos: [1.52473733 0.         0.38357021] angle 0.2795248078266946
time=1640115542.0148861 Pos: [1.5631848  0.         0.37253426] angle 0.2795248078266946
time=1640115542.2213273 Pos: [1.60163226 0.         0.3614983 ] angle 0.2795248078266946
time=1640115542.454412 Pos: [1.64007973 0.         0.35046234] angle 0.2795248078266946
time=1640115542.6734498 Pos: [1.67852719 0.         0.33942638] angle 0.2795248078266946
time=1640115542.8693392 Pos: [1.71697466 0.         0.32839043] angle 0.2795248078266946
time=1640115543.1553423 Pos: [1.75542213 0.         0.31735447] angle 0.2795248078266946
time=1640115543.4286907 Pos: [1.79386959 0.         0.30631851] angle 0.2795248078266946
time=1640115543.6985748 Pos: [1.83231706 0.         0.29528256] angle 0.2795248078266946
time=1640115543.998349 Pos: [1.87076453 0.         0.2842466 ] angle 0.2795248078266946
time=1640115544.3153715 Pos: [1.90921199 0.         0.27321064] angle 0.2795248078266946
time=1640115544.6758766 Pos: [1.94765946 0.         0.26217468] angle 0.2795248078266946
time=1640115544.9655066 Pos: [1.98610692 0.         0.25113873] angle 0.2795248078266946
time=1640115545.4561787 Pos: [2.02455439 0.         0.24010277] angle 0.2795248078266946
time=1640115545.7766864 Pos: [2.06300186 0.         0.22906681] angle 0.2795248078266946
time=1640115546.118381 Pos: [2.10144932 0.         0.21803085] angle 0.2795248078266946
time=1640115546.38485 Pos: [2.10144932 0.         0.21803085] angle 0.23293733985557882
time=1640115546.5241072 Pos: [2.14036902 0.         0.20879739] angle 0.23293733985557882

id: 35 , delta_R [[ 0.99300045 -0.05766372 -0.10307764]
 [ 0.06166056  0.99744715  0.03601608]
 [ 0.10073768 -0.04211981  0.99402105]]
id: 35 , current state: States.Change_lane_to_oncoming
id: 36 , cur_t [[  2.41467975]
 [-14.11184757]
 [ 24.45807444]]
id: 36 , cur_R [[ 0.66734846 -0.13995238 -0.73147752]
 [ 0.02980583  0.9864165  -0.16153669]
 [ 0.74414894  0.08599896  0.66245493]]
id: 36 , delta_t [[ 0.10430897]
 [-0.00580406]
 [ 0.994528  ]]
id: 36 , delta_R [[ 9.98859158e-01 -4.76999406e-02  2.25791663e-03]
 [ 4.77496283e-02  9.97073809e-01 -5.96975049e-02]
 [ 5.96257912e-04  5.97372142e-02  9.98213960e-01]]
id: 36 , current state: States.Change_lane_to_oncoming
id: 37 , cur_t [[  1.78217167]
 [-14.25155622]
 [ 25.21992417]]
id: 37 , cur_R [[ 0.66067441 -0.19162995 -0.72580114]
 [ 0.01695347  0.97043015 -0.240786  ]
 [ 0.75048112  0.1467763   0.64438716]]
id: 37 , delta_t [[0.14066224]
 [0.01622838]
 [0.98992463]]
id: 37 , delta_R [[ 0.99862633 -0.05209148 -0.00565035]
 [ 0.05162941  0.9966494  -0.06343798]
 [ 0.008936    0.06305911  0.99796979]]
id: 37 , current state: States.Change_lane_to_oncoming
id: 38 , cur_t [[  0.98508139]
 [-13.76684419]
 [ 25.58006489]]
id: 38 , cur_R [[ 0.70226247 -0.19386702 -0.68501314]
 [-0.11080743  0.92071574 -0.3741714 ]
 [ 0.70324188  0.33867107  0.62510221]]
id: 38 , delta_t [[-0.24812079]
 [ 0.67598566]
 [ 0.69388721]]
id: 38 , delta_R [[ 0.99830088 -0.01128704  0.05716597]
 [ 0.02192968  0.98170698 -0.18913088]
 [-0.0539855   0.19006315  0.98028647]]
id: 38 , current state: States.Change_lane_to_oncoming
id: 39 , cur_t [[  0.24751378]
 [-13.75672737]
 [ 26.25526239]]
id: 39 , cur_R [[ 0.72283027 -0.22537093 -0.65324142]
 [-0.16596863  0.86103084 -0.48070814]
 [ 0.67079864  0.45588797  0.58497465]]
id: 39 , delta_t [[-0.04425991]
 [ 0.38097462]
 [ 0.92352553]]
id: 39 , delta_R [[ 0.99878751 -0.04317327  0.02365525]
 [ 0.04581236  0.99102244 -0.12560157]
 [-0.01802025  0.12653298  0.99179871]]
id: 39 , current state: States.Change_lane_to_oncoming
id: 40 , cur_t [[ -0.50829823]
 [-13.5535889 ]
 [ 26.87774369]]
id: 40 , cur_R [[ 0.75199825 -0.23172807 -0.61709054]
 [-0.25586456  0.76014839 -0.59725016]
 [ 0.60748001  0.60702268  0.51233925]]
id: 40 , delta_t [[-0.1624788 ]
 [ 0.62902827]
 [ 0.76021318]]
id: 40 , delta_R [[ 0.99890096 -0.02769269  0.03781504]
 [ 0.03388655  0.9840797  -0.1744673 ]
 [-0.03238155  0.17555697  0.98393658]]
id: 40 , current state: States.Change_lane_to_oncoming
id: 41 , cur_t [[ -0.51728768]
 [-14.44107593]
 [ 27.3384887 ]]
id: 41 , cur_R [[ 0.74584428 -0.31558762 -0.58661807]
 [-0.22785716  0.70665253 -0.66986813]
 [ 0.62593723  0.63328244  0.45514385]]
id: 41 , delta_t [[ 0.50020981]
 [-0.39285606]
 [ 0.77165683]]
id: 41 , delta_R [[ 0.99600057 -0.0803708  -0.03903082]
 [ 0.07826987  0.9955402  -0.0526643 ]
 [ 0.04308942  0.04939873  0.99784922]]
id: 41 , current state: States.Change_lane_to_oncoming
id: 42 , cur_t [[ -1.20070899]
 [-14.21496295]
 [ 28.03261277]]
id: 42 , cur_R [[ 0.76519198 -0.27560067 -0.58182945]
 [-0.38927197  0.52176287 -0.7590987 ]
 [ 0.51278511  0.80734613  0.29196515]]
id: 42 , delta_t [[-0.12676924]
 [ 0.81503921]
 [ 0.56536771]]
id: 42 , delta_R [[ 0.99900189  0.02064062  0.03961299]
 [-0.00969715  0.96589949 -0.25873566]
 [-0.04360263  0.25809328  0.96513557]]
id: 42 , current state: States.Change_lane_to_oncoming
id: 43 , cur_t [[ -1.13091078]
 [-15.20825952]
 [ 28.1247547 ]]
id: 43 , cur_R [[ 0.77101911 -0.33914598 -0.53898937]
 [-0.36510327  0.45804482 -0.81049031]
 [ 0.52175582  0.8216903   0.22933801]]
id: 43 , delta_t [[ 0.48732055]
 [-0.46311127]
 [ 0.74030172]]
id: 43 , delta_R [[ 0.99704638 -0.06794377 -0.03580718]
 [ 0.06595558  0.99635739 -0.05405373]
 [ 0.03934936  0.05153239  0.99789581]]
id: 43 , current state: States.Change_lane_to_oncoming
id: 44 , cur_t [[ -0.85484588]
 [-16.12658179]
 [ 27.84107818]]
id: 44 , cur_R [[ 0.77588865 -0.40173634 -0.4864203 ]
 [-0.3338507   0.39275716 -0.85690461]
 [ 0.53529478  0.82725433  0.17061587]]
id: 44 , delta_t [[ 0.4001239 ]
 [-0.74735331]
 [ 0.53043745]]
id: 44 , delta_R [[ 0.99664761 -0.0730538  -0.0368331 ]
 [ 0.07125519  0.99630326 -0.04798459]
 [ 0.04020239  0.04519918  0.99816872]]
id: 44 , current state: States.Change_lane_to_oncoming
id: 45 , cur_t [[ -0.6840992 ]
 [-17.10933918]
 [ 27.91202524]]
id: 45 , cur_R [[ 0.77701695 -0.45862402 -0.43117128]
 [-0.31162722  0.31488055 -0.89651476]
 [ 0.54693066  0.83097187  0.1017478 ]]
id: 45 , delta_t [[ 0.49855225]
 [-0.3958889 ]
 [ 0.77117938]]
id: 45 , delta_R [[ 0.99685503 -0.07006286 -0.03703025]
 [ 0.06779599  0.99593619 -0.05928577]
 [ 0.0410335   0.05658881  0.99755399]]
id: 45 , current state: States.Change_lane_to_oncoming
id: 46 , cur_t [[ -0.38191271]
 [-18.03728778]
 [ 27.69386308]]
id: 46 , cur_R [[ 0.78028198 -0.50726088 -0.36585028]
 [-0.27318463  0.24977712 -0.928968  ]
 [ 0.56261016  0.82480167  0.05632071]]
id: 46 , delta_t [[ 0.40465849]
 [-0.61206956]
 [ 0.67942796]]
id: 46 , delta_R [[ 0.99667848 -0.07489351 -0.03198385]
 [ 0.07372145  0.99661525 -0.03637574]
 [ 0.0345999   0.03389702  0.99882623]]
id: 46 , current state: States.Change_lane_to_oncoming
id: 47 , cur_t [[ -0.76058813]
 [-17.13898402]
 [ 27.91669773]]
id: 47 , cur_R [[ 0.77663051 -0.54853021 -0.30977356]
 [-0.25382377  0.17758064 -0.95080945]
 [ 0.5765575   0.81705552 -0.00131547]]
id: 47 , delta_t [[-0.41550735]
 [ 0.60025734]
 [-0.68340673]]
id: 47 , delta_R [[ 0.99756946 -0.06140409 -0.03293509]
 [ 0.05972008  0.99696789 -0.04988529]
 [ 0.03589839  0.04779715  0.99821177]]
id: 47 , current state: States.Change_lane_to_oncoming
id: 48 , cur_t [[ -1.12896619]
 [-16.210587  ]
 [ 27.96544793]]
id: 48 , cur_R [[ 0.76883057 -0.58403512 -0.26038919]
 [-0.24253108  0.11045071 -0.96383573]
 [ 0.59167409  0.80417885 -0.05672878]]
id: 48 , delta_t [[-0.49363557]
 [ 0.40676345]
 [-0.76867901]]
id: 48 , delta_R [[ 0.99811987 -0.0512803  -0.03357156]
 [ 0.04962824  0.99759818 -0.04832086]
 [ 0.03596883  0.04656391  0.99826752]]
id: 48 , current state: States.Change_lane_to_oncoming
id: 49 , cur_t [[ -1.58500635]
 [-15.4900145 ]
 [ 28.48775304]]
id: 49 , cur_R [[ 0.75345524 -0.61846302 -0.22317862]
 [-0.25475235  0.03832259 -0.96624667]
 [ 0.60614062  0.78487889 -0.12868055]]
id: 49 , delta_t [[-0.21634445]
 [ 0.76595794]
 [-0.60539534]]
id: 49 , delta_R [[ 0.99859685 -0.03593846 -0.03889429]
 [ 0.03335705  0.99732118 -0.06509815]
 [ 0.04112962  0.06370941  0.99712059]]
id: 49 , current state: States.Change_lane_to_oncoming
id: 50 , cur_t [[ -1.13392762]
 [-16.37425932]
 [ 28.36676104]]
id: 50 , cur_R [[ 0.75075888 -0.63199865 -0.19219472]
 [-0.24284027  0.0065236  -0.97004435]
 [ 0.61432052  0.77494203 -0.14857707]]
id: 50 , delta_t [[ 0.49179291]
 [-0.40782614]
 [ 0.76929681]]
id: 50 , delta_R [[ 0.99942476 -0.02976991 -0.01624522]
 [ 0.02948928  0.99941625 -0.01724928]
 [ 0.01674925  0.01676029  0.99971924]]
id: 50 , current state: States.Change_lane_to_oncoming
id: 51 , cur_t [[ -0.66069625]
 [-17.25058321]
 [ 28.27671375]]
id: 51 , cur_R [[ 0.74722533 -0.64533981 -0.15871625]
 [-0.23049853 -0.02766656 -0.97267928]
 [ 0.62331753  0.76339446 -0.16942303]]
id: 51 , delta_t [[ 0.5127715 ]
 [-0.3745798 ]
 [ 0.77249943]]
id: 51 , delta_R [[ 0.99934436 -0.03170454 -0.0174835 ]
 [ 0.03138023  0.99933589 -0.01852212]
 [ 0.01805912  0.01796134  0.99967558]]
id: 51 , current state: States.Change_lane_to_oncoming
id: 52 , cur_t [[ -0.15339553]
 [-18.10504593]
 [ 28.16473413]]
id: 52 , cur_R [[ 0.79590547 -0.58793673 -0.14444683]
 [-0.2069516  -0.03999121 -0.9775335 ]
 [ 0.56895124  0.80791776 -0.15350367]]
id: 52 , delta_t [[ 0.50622148]
 [-0.38922592]
 [ 0.76957325]]
id: 52 , delta_R [[ 0.99706576 -0.02668842  0.07174681]
 [ 0.02631889  0.99963504  0.00609106]
 [-0.07188319 -0.00418489  0.99740428]]
id: 52 , current state: States.Forward_oncoming_lane
id: 53 , distances: 0.0 0.9999999999999981
id: 53 , cur_t [[  0.31555324]
 [-18.96446664]
 [ 27.96106014]]
id: 53 , cur_R [[ 0.7925047  -0.59707135 -0.12426623]
 [-0.196683   -0.05734968 -0.97878844]
 [ 0.57727991  0.8001355  -0.16288367]]
id: 53 , delta_t [[ 0.43521681]
 [-0.40589477]
 [ 0.80363907]]
id: 53 , delta_R [[ 0.99974887 -0.01865811 -0.01241269]
 [ 0.01855979  0.99979583 -0.00798924]
 [ 0.01255922  0.00775686  0.99989104]]time=1640115546.746498 Pos: [2.17928873 0.         0.19956393] angle 0.23293733985557882
time=1640115547.0080094 Pos: [2.21820843 0.         0.19033047] angle 0.23293733985557882
time=1640115547.1762042 Pos: [2.25712813 0.         0.18109701] angle 0.23293733985557882
time=1640115547.3797429 Pos: [2.29604783 0.         0.17186355] angle 0.23293733985557882
time=1640115547.596543 Pos: [2.33496753 0.         0.16263009] angle 0.23293733985557882
time=1640115547.7427292 Pos: [2.37388723 0.         0.15339663] angle 0.23293733985557882
time=1640115547.9011655 Pos: [2.41280694 0.         0.14416317] angle 0.23293733985557882
time=1640115548.1322265 Pos: [2.45172664 0.         0.13492971] angle 0.23293733985557882
time=1640115548.325186 Pos: [2.49064634 0.         0.12569624] angle 0.23293733985557882
time=1640115548.4768858 Pos: [2.52956604 0.         0.11646278] angle 0.23293733985557882
time=1640115548.7224433 Pos: [2.56848574 0.         0.10722932] angle 0.23293733985557882
time=1640115548.8615537 Pos: [2.60740545 0.         0.09799586] angle 0.23293733985557882
time=1640115549.0682514 Pos: [2.64632515 0.         0.0887624 ] angle 0.23293733985557882
time=1640115549.2707803 Pos: [2.68524485 0.         0.07952894] angle 0.23293733985557882
time=1640115549.5343363 Pos: [2.72416455 0.         0.07029548] angle 0.23293733985557882
time=1640115549.7317898 No tile found at [ 2.72241969  0.         -0.00637235] (4, -1)
time=1640115549.732573 Invalid pose. Collision free: True On drivable area: False
time=1640115549.7326603 safety_factor: 1.0
time=1640115549.7329817 pos: [2.73973243 0.         0.06660209]
time=1640115549.7333047 l_pos: [ 2.72241969  0.         -0.00637235]
time=1640115549.7336216 r_pos: [2.75704517 0.         0.13957654]
time=1640115549.7339203 f_pos: [2.82730176 0.         0.04582681]
time=1640115549.7339966 Stopping the simulator because we are at an invalid pose.
time=1640115549.7343373 Pos: [2.76308425 0.         0.06106202] angle 0.23293733985557882

id: 53 , current state: States.Forward_oncoming_lane
id: 54 , distances: 0.0 0.9999999999999991
id: 54 , cur_t [[  0.32941685]
 [-18.89011112]
 [ 26.96392471]]
id: 54 , cur_R [[ 0.88739434 -0.45017911  0.09934818]
 [ 0.10183546 -0.01876121 -0.99462433]
 [ 0.44962299  0.89274116  0.0291956 ]]
id: 54 , delta_t [[-0.57926373]
 [-0.81038529]
 [ 0.08791598]]
id: 54 , delta_R [[ 0.95970761 -0.2459586   0.13588844]
 [ 0.21550508  0.95457344  0.20578411]
 [-0.18032987 -0.16820793  0.96911673]]
id: 54 , current state: States.Forward_oncoming_lane
id: 55 , distances: 0.0 1.0000000000000007
id: 55 , cur_t [[  0.98235772]
 [-19.63239201]
 [ 26.81330165]]
id: 55 , cur_R [[ 0.87922949 -0.46197807  0.11632613]
 [ 0.11240014 -0.03612089 -0.99300629]
 [ 0.46294893  0.88615549  0.02016785]]
id: 55 , delta_t [[ 0.43610192]
 [-0.41448166]
 [ 0.79876159]]
id: 55 , delta_R [[ 0.99975293 -0.01749679 -0.01370884]
 [ 0.01735075  0.99979221 -0.01070033]
 [ 0.01389321  0.01045983  0.99984877]]
id: 55 , current state: States.Forward_oncoming_lane
id: 56 , distances: 0.0 0.9999999999999987
id: 56 , cur_t [[  1.64065239]
 [-20.3694873 ]
 [ 26.66053167]]
id: 56 , cur_R [[ 0.86882706 -0.47178552  0.15019308]
 [ 0.13367719 -0.06856103 -0.98865049]
 [ 0.47672838  0.87904369  0.00349928]]
id: 56 , delta_t [[ 0.42521777]
 [-0.41287111]
 [ 0.80543609]]
id: 56 , delta_R [[ 0.99932432 -0.03444508 -0.0128237 ]
 [ 0.03420074  0.99923798 -0.01880898]
 [ 0.0134618   0.01835769  0.99974085]]
id: 56 , current state: States.Forward_oncoming_lane
id: 57 , distances: 0.0 0.999999999999998
id: 57 , cur_t [[  2.33562137]
 [-21.07083675]
 [ 26.50201651]]
id: 57 , cur_R [[ 0.85606376 -0.4829924   0.18404667]
 [ 0.15396321 -0.10162772 -0.98283627]
 [ 0.49340669  0.86970693 -0.01263675]]
id: 57 , delta_t [[ 0.43448476]
 [-0.41913282]
 [ 0.79721432]]
id: 57 , delta_R [[ 0.99928272 -0.03440717 -0.01581749]
 [ 0.03409868  0.99923063 -0.0193758 ]
 [ 0.01647199  0.01882255  0.99968714]]
id: 57 , current state: States.Forward_oncoming_lane
id: 58 , distances: 0.0 0.9999999999999976
id: 58 , cur_t [[  3.06015963]
 [-21.74503218]
 [ 26.3588214 ]]
id: 58 , cur_R [[ 0.84446239 -0.49340548  0.20840899]
 [ 0.16719176 -0.1268348  -0.97773199]
 [ 0.50885184  0.86050216 -0.02461389]]
id: 58 , delta_t [[ 0.44579623]
 [-0.4059673 ]
 [ 0.7977821 ]]
id: 58 , delta_R [[ 0.99958173 -0.0246721  -0.01508839]
 [ 0.02443873  0.99958178 -0.01546022]
 [ 0.01546352  0.01508501  0.99976663]]
id: 58 , current state: States.Forward_oncoming_lane
id: 59 , distances: 0.0 0.9999999999999971
id: 59 , cur_t [[  3.78835635]
 [-22.40903059]
 [ 26.18901077]]
id: 59 , cur_R [[ 0.83291272 -0.50237354  0.23211467]
 [ 0.17881882 -0.15261333 -0.97197377]
 [ 0.52371769  0.85107579 -0.03727974]]
id: 59 , delta_t [[ 0.41751122]
 [-0.42120056]
 [ 0.80515494]]
id: 59 , delta_R [[ 0.99961211 -0.02397134 -0.01417759]
 [ 0.02373795  0.99958356 -0.01640776]
 [ 0.014565    0.01606485  0.99976486]]
id: 59 , current state: States.Forward_oncoming_lane
id: 60 , distances: 0.0 0.9999999999999978
id: 60 , cur_t [[  4.5436074 ]
 [-23.04477535]
 [ 26.02956031]]
id: 60 , cur_R [[ 0.824553   -0.51118291  0.24249614]
 [ 0.18154541 -0.16689391 -0.96911696]
 [ 0.53586716  0.84311236 -0.04480996]]
id: 60 , delta_t [[ 0.43186806]
 [-0.41809944]
 [ 0.79917635]]
id: 60 , delta_R [[ 0.99987237 -0.01024097 -0.0122626 ]
 [ 0.0101083   0.99989023 -0.01083239]
 [ 0.01237218  0.01070705  0.99986614]]
id: 60 , current state: States.Forward_oncoming_lane
id: 61 , distances: 0.0 0.9999999999999984
id: 61 , cur_t [[  5.30515225]
 [-23.67384916]
 [ 25.87362573]]
id: 61 , cur_R [[ 0.8128011  -0.51941793  0.26374112]
 [ 0.19063354 -0.19065111 -0.96296989]
 [ 0.55046636  0.83298089 -0.05594296]]
id: 61 , delta_t [[ 0.43016841]
 [-0.4157705 ]
 [ 0.8013052 ]]
id: 61 , delta_R [[ 0.99967136 -0.021348   -0.01419249]
 [ 0.02112857  0.99965761 -0.01543541]
 [ 0.01451714  0.01513047  0.99978014]]
id: 61 , current state: States.Forward_oncoming_lane
id: 62 , distances: 0.0 0.9999999999999982
id: 62 , cur_t [[  6.08367053]
 [-24.28484156]
 [ 25.73010716]]
id: 62 , cur_R [[ 0.80813949 -0.52540657  0.26619259]
 [ 0.19127315 -0.19334245 -0.96230623]
 [ 0.55706834  0.82859316 -0.0557515 ]]
id: 62 , delta_t [[ 0.43730273]
 [-0.4074382 ]
 [ 0.80172342]]
id: 62 , delta_R [[ 0.9999682  -0.0021076  -0.00769163]
 [ 0.00209284  0.99999595 -0.00192688]
 [ 0.00769566  0.00191072  0.99996856]]
id: 62 , current state: States.Forward_oncoming_lane
id: 63 , distances: 0.0 0.9999999999999972
id: 63 , cur_t [[  6.83242113]
 [-24.90347297]
 [ 25.49205737]]
id: 63 , cur_R [[ 0.80298544 -0.53145636  0.26975641]
 [ 0.19133922 -0.19878035 -0.96118452]
 [ 0.5644499   0.82343215 -0.05792928]]
id: 63 , delta_t [[ 0.35415735]
 [-0.47103721]
 [ 0.80789635]]
id: 63 , delta_R [[ 0.99996207 -0.00324564 -0.00808267]
 [ 0.00320909  0.99998458 -0.00453154]
 [ 0.00809725  0.00450543  0.99995707]]
id: 63 , current state: States.Forward_oncoming_lane
id: 64 , distances: 0.0 0.9999999999999958
id: 64 , cur_t [[  7.5541654 ]
 [-25.525171  ]
 [ 25.18779307]]
id: 64 , cur_R [[ 0.78900957 -0.54171258  0.28984718]
 [ 0.19601359 -0.22516311 -0.95440046]
 [ 0.58227363  0.80984508 -0.07147282]]
id: 64 , delta_t [[ 0.28885297]
 [-0.51053524]
 [ 0.80988748]]
id: 64 , delta_R [[ 0.99964792 -0.01994634 -0.01749782]
 [ 0.01960478  0.99961804 -0.01947896]
 [ 0.01787967  0.01912906  0.99965714]]
id: 64 , current state: States.Forward_oncoming_lane
id: 65 , distances: 0.0 0.9999999999999967
id: 65 , cur_t [[  8.35793145]
 [-26.10800741]
 [ 25.06837   ]]
id: 65 , cur_R [[ 0.7865279  -0.54737865  0.28592038]
 [ 0.19258176 -0.22249665 -0.95572355]
 [ 0.586759    0.80676629 -0.06958468]]
id: 65 , delta_t [[ 0.45039834]
 [-0.4008911 ]
 [ 0.79776417]]
id: 65 , delta_R [[ 9.99973159e-01  4.53709211e-03 -5.75299192e-03]
 [-4.53569586e-03  9.99989681e-01  2.55722970e-04]
 [ 5.75409280e-03 -2.29622284e-04  9.99983419e-01]]
id: 65 , current state: States.Forward_oncoming_lane
id: 66 , distances: 0.0 0.9999999999999979
id: 66 , cur_t [[  9.01736776]
 [-26.70611335]
 [ 24.61294379]]
id: 66 , cur_R [[ 0.77617287 -0.55587955  0.29757956]
 [ 0.1941618  -0.23830488 -0.95158393]
 [ 0.59988071  0.79637222 -0.07703521]]
id: 66 , delta_t [[ 0.13625534]
 [-0.59530731]
 [ 0.7918609 ]]
id: 66 , delta_R [[ 0.99984229 -0.01124572 -0.01374545]
 [ 0.01107944  0.99986523 -0.0121145 ]
 [ 0.01387983  0.0119603   0.99983214]]
id: 66 , current state: States.Forward_oncoming_lane
id: 67 , distances: 0.0 0.9999999999999973
id: 67 , cur_t [[  8.60317458]
 [-26.79124454]
 [ 23.70674476]]
id: 67 , cur_R [[ 0.79333419 -0.51056847  0.33157306]
 [ 0.23905142 -0.23964077 -0.94097116]
 [ 0.55988863  0.82576761 -0.0680631 ]]
id: 67 , delta_t [[-0.88162606]
 [-0.47114304]
 [ 0.02756328]]
