
time=1639771340.6743631 gym-duckietown 2019.0.0

time=1639771340.9604156 Registering gym environment id: Duckietown-4way-v0
time=1639771340.9605837 Registering gym environment id: Duckietown-loop_dyn_duckiebots-v0
time=1639771340.960708 Registering gym environment id: Duckietown-loop_empty-v0
time=1639771340.9608243 Registering gym environment id: Duckietown-loop_obstacles-v0
time=1639771340.960955 Registering gym environment id: Duckietown-loop_pedestrians-v0
time=1639771340.961067 Registering gym environment id: Duckietown-small_loop-v0
time=1639771340.9611883 Registering gym environment id: Duckietown-small_loop_cw-v0
time=1639771340.9613004 Registering gym environment id: Duckietown-straight_road-v0
time=1639771340.9613895 Registering gym environment id: Duckietown-straight_road_10_tiles_no_start_tile-v0
time=1639771340.961473 Registering gym environment id: Duckietown-straight_road_no_start_tile-v0
time=1639771340.9615495 Registering gym environment id: Duckietown-straight_road_trafficlight-v0
time=1639771340.961656 Registering gym environment id: Duckietown-straight_road_with_side_floor-v0
time=1639771340.961772 Registering gym environment id: Duckietown-udem1-v0
time=1639771340.9618604 Registering gym environment id: Duckietown-zigzag_dists-v0
time=1639771342.872384 Falling back to non-multisampled frame buffer
time=1639771342.8764925 Falling back to non-multisampled frame buffer
time=1639771342.880864 loading map file "/home/appuser/aido-auto/gym-duckietown/gym_duckietown/maps/straight_road.yaml"
time=1639771342.887827 loading mesh "duckiebot.obj"
time=1639771342.8881335 loading materials from "/home/appuser/aido-auto/gym-duckietown/gym_duckietown/meshes/duckiebot.mtl"
time=1639771343.304777 loading texture "straight_1.png"
time=1639771343.322031 road_tile_size=0.585
time=1639771343.3224895 Starting at [0.2925  0.      0.43875] 0
time=1639771343.3227925 Pos: [0.2925  0.      0.43875] angle 0
time=1639771343.483326 using DuckietownEnv
/usr/local/lib/python3.6/dist-packages/gym/spaces/box.py:74: UserWarning: [33mWARN: Box bound precision lowered by casting to float32[0m
  "Box bound precision lowered by casting to {}".format(self.dtype)
time=1639771343.4846911 loading mesh "duckie.obj"
time=1639771343.5333295 loading texture "duckie.png"
time=1639771344.197872 Pos: [0.2925  0.      0.43875] angle 0
time=1639771344.4710798 Pos: [0.3325  0.      0.43875] angle 0
time=1639771344.5791402 Pos: [0.3725  0.      0.43875] angle 0
time=1639771344.6646075 Pos: [0.4125  0.      0.43875] angle 0
time=1639771344.74984 Pos: [0.4525  0.      0.43875] angle 0
time=1639771344.8349829 Pos: [0.4925  0.      0.43875] angle 0
time=1639771344.9199061 Pos: [0.5325  0.      0.43875] angle 0
time=1639771345.0063114 Pos: [0.5725  0.      0.43875] angle 0
time=1639771345.092602 Pos: [0.6125  0.      0.43875] angle 0
time=1639771345.1773465 Pos: [0.6525  0.      0.43875] angle 0
time=1639771345.263154 Pos: [0.6925  0.      0.43875] angle 0
time=1639771345.3483715 Pos: [0.7325  0.      0.43875] angle 0
time=1639771345.4379442 Pos: [0.7725  0.      0.43875] angle 0
time=1639771345.5420172 Pos: [0.8125  0.      0.43875] angle 0
time=1639771345.6278536 Pos: [0.8525  0.      0.43875] angle 0
time=1639771345.710994 Pos: [0.8925  0.      0.43875] angle 0
time=1639771345.7962465 Pos: [0.9325  0.      0.43875] angle 0
time=1639771345.8795247 Pos: [0.9725  0.      0.43875] angle 0
time=1639771345.9626262 Pos: [1.0125  0.      0.43875] angle 0
time=1639771346.0496204 Pos: [1.0525  0.      0.43875] angle 0
env.road_tile_size = 0.585
id: 0 , cur_t None
id: 0 , cur_R None
id: 0 , delta_t None
id: 0 , delta_R None
id: 0 , current state: States.Forward_correct_lane
id: 1 , cur_t [[ 0.57611133]
 [-0.62369428]
 [ 0.52830027]]
id: 1 , cur_R [[ 9.99982582e-01  3.12378816e-04 -5.89384570e-03]
 [-2.94274964e-04  9.99995237e-01  3.07227075e-03]
 [ 5.89477734e-03 -3.07048283e-03  9.99977912e-01]]
id: 1 , delta_t None
id: 1 , delta_R None
id: 1 , current state: States.Forward_correct_lane
id: 2 , cur_t [[ 1.42429619]
 [-1.15081577]
 [ 0.47609498]]
id: 2 , cur_R [[ 0.9981647   0.022053   -0.05639938]
 [-0.0200384   0.99914944  0.03603971]
 [ 0.05714619 -0.03484342  0.99775761]]
id: 2 , delta_t [[ 0.84801746]
 [-0.52669373]
 [-0.05882267]]
id: 2 , delta_R [[ 0.99848662  0.02158588 -0.05058189]
 [-0.01993835  0.9992613   0.03285293]
 [ 0.05125368 -0.03179469  0.99817942]]
id: 2 , current state: States.Forward_correct_lane
id: 3 , cur_t [[ 0.55842319]
 [-0.70678845]
 [ 0.70653737]]
id: 3 , cur_R [[ 0.99903421  0.01141345 -0.04243079]
 [-0.01034257  0.99962456  0.02537266]
 [ 0.04270445 -0.02490931  0.99877718]]
id: 3 , delta_t [[-0.86001256]
 [ 0.41652515]
 [ 0.29476296]]
id: 3 , delta_R [[ 0.99984546 -0.01014449  0.01435768]
 [ 0.01029012  0.99989599 -0.01010561]
 [-0.01425367  0.01025179  0.99984586]]
id: 3 , current state: States.Forward_correct_lane
id: 4 , cur_t [[ 0.85649797]
 [-1.27557014]
 [ 1.4731134 ]]
id: 4 , cur_R [[ 0.99890073  0.01146982 -0.04545086]
 [-0.01026107  0.99958978  0.0267393 ]
 [ 0.04573891 -0.02624354  0.99860865]]
id: 4 , delta_t [[ 0.33640578]
 [-0.58426097]
 [ 0.7385596 ]]
id: 4 , delta_R [[ 9.99995429e-01 -1.88998812e-05 -3.02348711e-03]
 [ 2.30400929e-05  9.99999062e-01  1.36932092e-03]
 [ 3.02345839e-03 -1.36938432e-03  9.99994492e-01]]
id: 4 , current state: States.Forward_correct_lane
id: 5 , cur_t [[ 1.67851449]
 [-1.8306775 ]
 [ 1.60017503]]
id: 5 , cur_R [[ 0.99870308  0.00989382 -0.04994271]
 [-0.0084811   0.99956009  0.02841993]
 [ 0.05020192 -0.0279595   0.99834765]]
id: 5 , delta_t [[ 0.83262056]
 [-0.54878581]
 [ 0.07468029]]
id: 5 , delta_R [[ 0.99998865 -0.00169343 -0.00445328]
 [ 0.00170129  0.999997    0.00176048]
 [ 0.00445028 -0.00176803  0.99998853]]
id: 5 , current state: States.Forward_correct_lane
id: 6 , cur_t [[ 1.50497572]
 [-2.17914548]
 [ 2.52129086]]
id: 6 , cur_R [[ 0.99868071  0.00408305 -0.05118751]
 [-0.00269762  0.99962893  0.02710569]
 [ 0.05127919 -0.02693185  0.99832115]]
id: 6 , delta_t [[-0.12411653]
 [-0.37578558]
 [ 0.91835738]]
id: 6 , delta_R [[ 0.99998234 -0.00584341 -0.0010814 ]
 [ 0.0058423   0.99998241 -0.00102365]
 [ 0.00108736  0.00101731  0.99999889]]
id: 6 , current state: States.Forward_correct_lane
id: 7 , cur_t [[ 1.54477379]
 [-2.61219001]
 [ 3.42178436]]
id: 7 , cur_R [[ 9.98613488e-01  8.89862138e-04 -5.26337331e-02]
 [ 5.33327431e-04  9.99634771e-01  2.70192710e-02]
 [ 5.26385531e-02 -2.70098795e-02  9.98248290e-01]]
id: 7 , delta_t [[ 0.08709032]
 [-0.4569733 ]
 [ 0.88520657]]
id: 7 , delta_R [[ 9.99993854e-01 -3.23101855e-03 -1.36124777e-03]
 [ 3.23112941e-03  9.99994777e-01  7.92475488e-05]
 [ 1.36098461e-03 -8.36454294e-05  9.99999070e-01]]
id: 7 , current state: States.Forward_correct_lane
id: 8 , cur_t [[ 1.53327796]
 [-3.04668944]
 [ 4.3223831 ]]
id: 8 , cur_R [[ 9.98615719e-01  5.01513146e-04 -5.25965266e-02]
 [ 9.23023243e-04  9.99633481e-01  2.70564416e-02]
 [ 5.25908181e-02 -2.70675357e-02  9.98249245e-01]]
id: 8 , delta_t [[ 0.0356946 ]
 [-0.45867603]
 [ 0.88788637]]
id: 8 , delta_R [[ 9.99999924e-01 -3.87200672e-04  4.77480617e-05]
 [ 3.87197919e-04  9.99999923e-01  5.76533230e-05]
 [-4.77703814e-05 -5.76348307e-05  9.99999997e-01]]
id: 8 , current state: States.Forward_correct_lane
id: 9 , cur_t [[ 1.51392842]
 [-3.45712082]
 [ 5.23406927]]
id: 9 , cur_R [[ 0.99853395  0.0027165  -0.05406087]
 [-0.00132097  0.9996654   0.02583307]
 [ 0.05411296 -0.02572378  0.99820342]]
id: 9 , delta_t [[ 0.02824473]
 [-0.43496775]
 [ 0.90000294]]
id: 9 , delta_R [[ 0.99999647  0.00217448 -0.00152604]
 [-0.00217653  0.99999673 -0.00134011]
 [ 0.00152312  0.00134343  0.99999794]]
id: 9 , current state: States.Forward_correct_lane
id: 10 , cur_t [[ 1.47801821]
 [-3.86280978]
 [ 6.14737477]]
id: 10 , cur_R [[ 0.99841706  0.00794179 -0.05568039]
 [-0.0065329   0.99965501  0.02543972]
 [ 0.05586321 -0.0250357   0.9981245 ]]
id: 10 , delta_t [[ 0.0141    ]
 [-0.42914443]
 [ 0.90312582]]
id: 10 , delta_R [[ 9.99985030e-01  5.18186028e-03 -1.75734238e-03]
 [-5.18305225e-03  9.99986340e-01 -6.74400889e-04]
 [ 1.75382373e-03  6.83499191e-04  9.99998228e-01]]
id: 10 , current state: States.Forward_correct_lane
id: 11 , cur_t [[ 1.45339523]
 [-4.28187888]
 [ 7.05499517]]
id: 11 , cur_R [[ 0.99840645  0.00764893 -0.05591121]
 [-0.00624492  0.99966184  0.02524315]
 [ 0.05608539 -0.02485376  0.99811659]]
id: 11 , delta_t [[ 0.02885633]
 [-0.44184299]
 [ 0.89662818]]
id: 11 , delta_R [[ 9.99999930e-01 -2.98567398e-04 -2.23655479e-04]
 [ 2.98527078e-04  9.99999939e-01 -1.80289269e-04]
 [ 2.23709294e-04  1.80222490e-04  9.99999959e-01]]
id: 11 , current state: States.Forward_correct_lane
id: 12 , cur_t [[ 1.50574576]
 [-4.72850242]
 [ 7.94818431]]
id: 12 , cur_R [[ 0.99853443  0.00725136 -0.05363224]
 [-0.00608791  0.99974327  0.0218248 ]
 [ 0.05377674 -0.0214663   0.99832222]]
id: 12 , delta_t [[ 0.1051511 ]
 [-0.46827119]
 [ 0.87730573]]
id: 12 , delta_R [[ 9.99997316e-01 -3.40702624e-04  2.29173653e-03]
 [ 3.48505230e-04  9.99994142e-01 -3.40513227e-03]
 [-2.29056296e-03  3.40592181e-03  9.99991576e-01]]
id: 12 , current state: States.Forward_correct_lane
id: 13 , cur_t [[ 1.5072813 ]
 [-5.15806348]
 [ 8.85122082]]
id: 13 , cur_R [[ 0.99852785  0.00737959 -0.05373709]
 [-0.00621246  0.99974187  0.02185389]
 [ 0.05388449 -0.02148788  0.99831595]]
id: 13 , delta_t [[ 0.05271077]
 [-0.4488245 ]
 [ 0.89206398]]
id: 13 , delta_R [[ 9.99999986e-01  1.25944716e-04 -1.07778499e-04]
 [-1.25942305e-04  9.99999992e-01  2.23757571e-05]
 [ 1.07781317e-04 -2.23621830e-05  9.99999994e-01]]
id: 13 , current state: States.Forward_correct_lane
id: 14 , cur_t [[ 2.27820779]
 [-5.76850339]
 [ 9.03297743]]
id: 14 , cur_R [[ 0.996266    0.02054442 -0.08385693]
 [-0.01699322  0.99893722  0.04284454]
 [ 0.08464802 -0.04125955  0.99555631]]
id: 14 , delta_t [[ 0.78337777]
 [-0.60849878]
 [ 0.12668269]]
id: 14 , delta_R [[ 0.99945718  0.01251725 -0.03047387]
 [-0.0118988   0.99972126  0.02039167]
 [ 0.03072063 -0.020018    0.99932754]]
id: 14 , current state: States.Forward_correct_lane
id: 15 , cur_t [[ 2.38626967]
 [-6.24600558]
 [ 9.90493746]]
id: 15 , cur_R [[ 0.99617416  0.01880078 -0.08534384]
 [-0.01519895  0.99897407  0.0426591 ]
 [ 0.08605831 -0.04119876  0.99543791]]
id: 15 , delta_t [[ 0.18958237]
 [-0.51075133]
 [ 0.83856521]]
id: 15 , delta_R [[ 9.99997370e-01 -1.80392547e-03 -1.41613447e-03]
 [ 1.80387878e-03  9.99998372e-01 -3.42451181e-05]
 [ 1.41619394e-03  3.16904932e-05  9.99998997e-01]]
id: 15 , current state: States.Forward_correct_lane
id: 16 , cur_t [[ 2.39800135]
 [-6.69241308]
 [10.79969034]]
id: 16 , cur_R [[ 0.99617393  0.02079333 -0.08488312]
 [-0.01725997  0.9989622   0.04214996]
 [ 0.08567147 -0.04052361  0.99549899]]
id: 16 , delta_t [[ 0.09547264]
 [-0.48259166]
 [ 0.87062636]]
id: 16 , delta_R [[ 9.99997909e-01  2.01016472e-03  3.76505915e-04]
 [-2.00990698e-03  9.99997746e-01 -6.83703063e-04]
 [-3.77879423e-04  6.82944891e-04  9.99999695e-01]]
id: 16 , current state: States.Forward_correct_lane
id: 17 , cur_t [[ 2.34645318]
 [-7.08897622]
 [11.71624937]]
id: 17 , cur_R [[ 0.99635459  0.00945784 -0.08478254]
 [-0.00587131  0.99908123  0.04245264]
 [ 0.08510616 -0.0418001   0.9954947 ]]
id: 17 , delta_t [[ 0.03401668]
 [-0.43436572]
 [ 0.90009404]]
id: 17 , delta_R [[ 9.99935732e-01 -1.13226078e-02  5.74958510e-04]
 [ 1.13218691e-02  9.99935096e-01  1.27218205e-03]
 [-5.89325611e-04 -1.26559068e-03  9.99999025e-01]]
id: 17 , current state: States.Forward_correct_lane
id: 18 , cur_t [[ 3.05616327]
 [-7.69441146]
 [12.07647119]]
id: 18 , cur_R [[ 0.99441444  0.01734656 -0.10411062]
 [-0.01166427  0.99842141  0.0549421 ]
 [ 0.10489933 -0.05342084  0.993047  ]]
id: 18 , delta_t [[ 0.7413347 ]
 [-0.61322397]
 [ 0.27272556]]time=1639771346.134253 Pos: [1.0925  0.      0.43875] angle 0
time=1639771346.218593 Pos: [1.1325  0.      0.43875] angle 0
time=1639771346.3047836 Pos: [1.1725  0.      0.43875] angle 0
time=1639771346.392651 Pos: [1.2125  0.      0.43875] angle 0
time=1639771346.4767413 Pos: [1.2525  0.      0.43875] angle 0
time=1639771346.5704985 Pos: [1.2925  0.      0.43875] angle 0
time=1639771346.6571953 Pos: [1.3325  0.      0.43875] angle 0
time=1639771346.7391639 Pos: [1.3725  0.      0.43875] angle 0
time=1639771346.8222754 Pos: [1.4125  0.      0.43875] angle 0
time=1639771346.9060516 Pos: [1.4525  0.      0.43875] angle 0
time=1639771346.99104 Pos: [1.4925  0.      0.43875] angle 0
time=1639771347.0787935 Pos: [1.5325  0.      0.43875] angle 0
time=1639771347.1644726 Pos: [1.5725  0.      0.43875] angle 0
time=1639771347.2504308 Pos: [1.6125  0.      0.43875] angle 0
time=1639771347.3376524 Pos: [1.6525  0.      0.43875] angle 0
time=1639771347.4243546 Pos: [1.6925  0.      0.43875] angle 0
time=1639771347.5081515 Pos: [1.7325  0.      0.43875] angle 0

id: 18 , delta_R [[ 0.99978021  0.00707233 -0.01973587]
 [-0.00683697  0.99990501  0.01196775]
 [ 0.01981863 -0.01183019  0.9997336 ]]
id: 18 , current state: States.Forward_correct_lane
id: 19 , cur_t [[ 3.01399684]
 [-8.12464435]
 [12.97820377]]
id: 19 , cur_R [[ 0.99424641  0.01622042 -0.1058819 ]
 [-0.01038338  0.99840758  0.0554481 ]
 [ 0.10661268 -0.05402966  0.99283157]]
id: 19 , delta_t [[ 0.05767859]
 [-0.47845649]
 [ 0.87621491]]
id: 19 , delta_R [[ 9.99997783e-01 -1.21971454e-03 -1.71643472e-03]
 [ 1.22081045e-03  9.99999052e-01  6.37582176e-04]
 [ 1.71565543e-03 -6.39676204e-04  9.99998324e-01]]
id: 19 , current state: States.Forward_correct_lane
id: 20 , cur_t [[ 2.98189653]
 [-8.51089709]
 [13.90003802]]
id: 20 , cur_R [[ 0.99408476  0.01663221 -0.10732597]
 [-0.01082965  0.99845925  0.05442292]
 [ 0.10806578 -0.05293869  0.99273324]]
id: 20 , delta_t [[ 0.07037421]
 [-0.43596473]
 [ 0.89720801]]
id: 20 , delta_R [[ 9.99998859e-01  3.32740240e-04 -1.47320153e-03]
 [-3.34314083e-04  9.99999374e-01 -1.06819754e-03]
 [ 1.47284517e-03  1.06868883e-03  9.99998344e-01]]
id: 20 , current state: States.Forward_correct_lane
id: 21 , cur_t [[ 2.94632304]
 [-8.89068233]
 [14.82442847]]
id: 21 , cur_R [[ 0.99387252  0.01423928 -0.10961139]
 [-0.00848357  0.99856915  0.05279853]
 [ 0.11020636 -0.05154511  0.99257124]]
id: 21 , delta_t [[ 0.06864486]
 [-0.42872777]
 [ 0.90082206]]
id: 21 , delta_R [[ 0.9999945  -0.00251132 -0.00216507]
 [ 0.00250837  0.99999592 -0.00136488]
 [ 0.00216848  0.00135944  0.99999672]]
id: 21 , current state: States.Forward_correct_lane
id: 22 , cur_t [[ 2.85324681]
 [-9.26864749]
 [15.74555775]]
id: 22 , cur_R [[ 0.99367618  0.00933606 -0.11189501]
 [-0.00337136  0.99856872  0.05337735]
 [ 0.11223319 -0.05266256  0.99228543]]
id: 22 , delta_t [[ 0.0122149 ]
 [-0.42622939]
 [ 0.90453264]]
id: 22 , delta_R [[ 0.99998535 -0.00501511 -0.00203556]
 [ 0.00501743  0.99998677  0.00113794]
 [ 0.00202982 -0.00114814  0.99999728]]
id: 22 , current state: States.Forward_correct_lane
id: 23 , cur_t [[ 2.78674063]
 [-9.67782727]
 [16.65558458]]
id: 23 , cur_R [[ 0.99364426  0.0083855  -0.11225314]
 [-0.00240836  0.99857687  0.05327699]
 [ 0.11254014 -0.05266803  0.99225037]]
id: 23 , delta_t [[ 0.0374291 ]
 [-0.45713939]
 [ 0.88860714]]
id: 23 , delta_R [[ 9.99999484e-01 -9.68211036e-04 -3.08892952e-04]
 [ 9.68213574e-04  9.99999531e-01  8.06552347e-06]
 [ 3.08884998e-04 -8.36459366e-06  9.99999952e-01]]
id: 23 , current state: States.Forward_correct_lane
id: 24 , cur_t [[  2.68667548]
 [-10.06456917]
 [ 17.57232755]]
id: 24 , cur_R [[ 0.99356772  0.00758507 -0.11298517]
 [-0.00166964  0.99862695  0.05235864]
 [ 0.11322718 -0.05183321  0.99221617]]
id: 24 , delta_t [[ 0.00467264]
 [-0.43531365]
 [ 0.90026673]]
id: 24 , delta_R [[ 9.99999409e-01 -8.38105205e-04 -6.92813857e-04]
 [ 8.37529573e-04  9.99999304e-01 -8.30733708e-04]
 [ 6.93509617e-04  8.30152965e-04  9.99999415e-01]]
id: 24 , current state: States.Forward_correct_lane
id: 25 , cur_t [[  2.60212977]
 [-10.46339119]
 [ 18.48545022]]
id: 25 , cur_R [[ 9.93548214e-01  5.79897438e-03 -1.13262168e-01]
 [ 1.15039737e-04  9.98639827e-01  5.21390718e-02]
 [ 1.13410465e-01 -5.18157113e-02  9.92196149e-01]]
id: 25 , delta_t [[ 0.0200543 ]
 [-0.44624579]
 [ 0.89468571]]
id: 25 , delta_R [[ 9.99998366e-01 -1.79811368e-03 -1.84471496e-04]
 [ 1.79811067e-03  9.99998383e-01 -1.64537104e-05]
 [ 1.84500783e-04  1.61219834e-05  9.99999983e-01]]
id: 25 , current state: States.Forward_correct_lane
id: 26 , cur_t [[  2.54118415]
 [-10.89262917]
 [ 19.38658306]]
id: 26 , cur_R [[ 0.99353297  0.00698155 -0.11332911]
 [-0.00110097  0.99865328  0.05186926]
 [ 0.11353861 -0.05140905  0.99220265]]
id: 26 , delta_t [[ 0.0415961 ]
 [-0.4757004 ]
 [ 0.87862329]]
id: 26 , delta_R [[ 9.99999298e-01  1.17747478e-03 -1.29420562e-04]
 [-1.17752728e-03  9.99999224e-01 -4.06312881e-04]
 [ 1.28942039e-04  4.06464992e-04  9.99999909e-01]]
id: 26 , current state: States.Forward_correct_lane
id: 27 , cur_t [[  2.46315811]
 [-11.3039704 ]
 [ 20.29471869]]
id: 27 , cur_R [[ 0.99365669  0.01021508 -0.1119912 ]
 [-0.00440998  0.99863938  0.05196104]
 [ 0.11236961 -0.05113756  0.99234975]]
id: 27 , delta_t [[ 0.02603989]
 [-0.4580184 ]
 [ 0.88856124]]
id: 27 , delta_R [[ 9.99993869e-01  3.29843597e-03  1.17528692e-03]
 [-3.29810443e-03  9.99994521e-01 -2.83915150e-04]
 [-1.17621696e-03  2.80037190e-04  9.99999269e-01]]
id: 27 , current state: States.Forward_correct_lane
id: 28 , cur_t [[  2.46745579]
 [-11.76131333]
 [ 21.18399873]]
id: 28 , cur_R [[ 0.99363749  0.01075501 -0.11211099]
 [-0.00494808  0.99863762  0.05194641]
 [ 0.11251693 -0.05106116  0.99233699]]
id: 28 , delta_t [[ 0.10621534]
 [-0.50215237]
 [ 0.8582315 ]]
id: 28 , delta_R [[ 9.99999847e-01  5.33055740e-04 -1.48638106e-04]
 [-5.33066877e-04  9.99999855e-01 -7.49005015e-05]
 [ 1.48598158e-04  7.49797240e-05  9.99999986e-01]]
id: 28 , current state: States.Forward_correct_lane
id: 29 , cur_t [[  2.56563728]
 [-12.23524501]
 [ 22.05906967]]
id: 29 , cur_R [[ 0.9929888   0.0102709  -0.11776142]
 [-0.0038646   0.99850626  0.05450055]
 [ 0.11814529 -0.05366333  0.99154523]]
id: 29 , delta_t [[ 0.19836216]
 [-0.5169122 ]
 [ 0.83273899]]
id: 29 , delta_R [[ 9.99983709e-01 -7.73756734e-04 -5.65540412e-03]
 [ 7.88827973e-04  9.99996143e-01  2.66318250e-03]
 [ 5.65332165e-03 -2.66760025e-03  9.99980462e-01]]
id: 29 , current state: States.Forward_correct_lane
id: 30 , cur_t [[  2.41593133]
 [-12.60493814]
 [ 22.97608391]]
id: 30 , cur_R [[ 0.99300711  0.01090878 -0.1175495 ]
 [-0.00462729  0.99855295  0.0535779 ]
 [ 0.11796387 -0.0526593   0.99162066]]
id: 30 , delta_t [[-0.03888671]
 [-0.41988856]
 [ 0.9067422 ]]
id: 30 , delta_R [[ 9.99999774e-01  6.48398135e-04  1.78061286e-04]
 [-6.48218426e-04  9.99999282e-01 -1.00746277e-03]
 [-1.78714395e-04  1.00734712e-03  9.99999477e-01]]
id: 30 , current state: States.Forward_correct_lane
id: 31 , cur_t [[  2.3230299 ]
 [-12.97952012]
 [ 23.89861178]]
id: 31 , cur_R [[ 0.99256001  0.01226305 -0.12113726]
 [-0.00581615  0.99855462  0.05343069]
 [ 0.1216174  -0.05232861  0.99119671]]
id: 31 , delta_t [[ 0.01830648]
 [-0.42363305]
 [ 0.90564889]]
id: 31 , delta_R [[ 9.99992547e-01  1.16216047e-03 -3.68175414e-03]
 [-1.16322241e-03  9.99999282e-01 -2.86304872e-04]
 [ 3.68141877e-03  2.90585437e-04  9.99993181e-01]]
id: 31 , current state: States.Forward_correct_lane
id: 32 , cur_t [[  2.26334844]
 [-13.3976202 ]
 [ 24.80505011]]
id: 32 , cur_R [[ 0.99248949  0.00929868 -0.12197604]
 [-0.00272501  0.99853994  0.05394958]
 [ 0.12229961 -0.053212    0.99106573]]
id: 32 , delta_t [[ 0.05343297]
 [-0.46566031]
 [ 0.88334896]]
id: 32 , delta_R [[ 9.99995252e-01 -3.00449758e-03 -6.84853720e-04]
 [ 3.00510731e-03  9.99995088e-01  8.91023757e-04]
 [ 6.82173277e-04 -8.93077585e-04  9.99999369e-01]]
id: 32 , current state: States.Forward_correct_lane
id: 33 , cur_t [[  2.22772747]
 [-13.80682215]
 [ 25.71679838]]
id: 33 , cur_R [[ 0.99206386  0.00865435 -0.12543686]
 [-0.00184103  0.99852127  0.05433125]
 [ 0.12572157 -0.05366913  0.9906128 ]]
id: 33 , delta_t [[ 0.07726811]
 [-0.45745166]
 [ 0.8858711 ]]
id: 33 , delta_R [[ 9.99993713e-01 -8.28931442e-04 -3.44765996e-03]
 [ 8.30616546e-04  9.99999536e-01  4.87364130e-04]
 [ 3.44725437e-03 -4.90224750e-04  9.99993938e-01]]
id: 33 , current state: States.Forward_correct_lane
id: 34 , cur_t [[  2.24602365]
 [-14.24045538]
 [ 26.61770208]]
id: 34 , cur_R [[ 9.91539780e-01  7.48276108e-03 -1.29587320e-01]
 [-2.00012931e-04  9.98423921e-01  5.61215935e-02]
 [ 1.29803024e-01 -5.56208733e-02  9.89978532e-01]]
id: 34 , delta_t [[ 0.13221234]
 [-0.48118438]
 [ 0.86659188]]
id: 34 , delta_R [[ 0.99999056 -0.00139439 -0.00411451]
 [ 0.00140257  0.99999705  0.00198508]
 [ 0.00411173 -0.00199083  0.99998957]]
id: 34 , current state: States.Forward_correct_lane
id: 35 , cur_t [[  2.18605756]
 [-14.65383565]
 [ 27.52628384]]
id: 35 , cur_R [[ 9.91483427e-01  7.99741205e-03 -1.29987136e-01]
 [-8.27006749e-04  9.98479227e-01  5.51230416e-02]
 [ 1.30230297e-01 -5.45460819e-02  9.89982219e-01]]
id: 35 , delta_t [[ 0.05856058]
 [-0.46371357]
 [ 0.88404773]]
id: 35 , delta_R [[ 9.99999786e-01  4.91412771e-04 -4.31749905e-04]
 [-4.91875805e-04  9.99999303e-01 -1.07300682e-03]
 [ 4.31222315e-04  1.07321896e-03  9.99999331e-01]]time=1639771347.6107924 Pos: [1.7725  0.      0.43875] angle 0
time=1639771347.6971843 Pos: [1.8125  0.      0.43875] angle 0
time=1639771347.784373 Pos: [1.8525  0.      0.43875] angle 0
time=1639771347.8686986 Pos: [1.8925  0.      0.43875] angle 0
time=1639771347.9521775 Pos: [1.9325  0.      0.43875] angle 0
time=1639771348.0424607 Pos: [1.9725  0.      0.43875] angle 0
time=1639771348.1284757 Pos: [2.0125  0.      0.43875] angle 0
time=1639771348.2161698 Pos: [2.0525  0.      0.43875] angle 0
time=1639771348.3003213 Pos: [2.0925  0.      0.43875] angle 0
time=1639771348.387413 Pos: [2.1325  0.      0.43875] angle 0
time=1639771348.4710007 Pos: [2.1725  0.      0.43875] angle 0
time=1639771348.5581357 Pos: [2.2125  0.      0.43875] angle 0
time=1639771348.6568992 Pos: [2.2525  0.      0.43875] angle 0
time=1639771348.743591 Pos: [2.2925  0.      0.43875] angle 0
time=1639771348.8303497 Pos: [2.3325  0.      0.43875] angle 0
time=1639771348.917826 Pos: [2.3725  0.      0.43875] angle 0
time=1639771349.0065918 Pos: [2.4125  0.      0.43875] angle 0

id: 35 , current state: States.Forward_correct_lane
id: 36 , cur_t [[  2.06514144]
 [-15.04557191]
 [ 28.43838142]]
id: 36 , cur_R [[ 9.91434183e-01  6.67970704e-03 -1.30436351e-01]
 [ 4.06654049e-04  9.98528602e-01  5.42260590e-02]
 [ 1.30606641e-01 -5.38146110e-02  9.89972673e-01]]
id: 36 , delta_t [[-7.79622927e-04]
 [-4.41858882e-01]
 [ 8.97084233e-01]]
id: 36 , delta_R [[ 9.99999030e-01 -1.34042242e-03 -3.79251650e-04]
 [ 1.34014530e-03  9.99998836e-01 -7.30029960e-04]
 [ 3.80229756e-04  7.29520999e-04  9.99999662e-01]]
id: 36 , current state: States.Forward_correct_lane
id: 37 , cur_t [[  1.95570114]
 [-15.42068457]
 [ 29.35887765]]
id: 37 , cur_R [[ 0.99132098  0.00425147 -0.13139494]
 [ 0.00276715  0.99858071  0.05318757]
 [ 0.13143458 -0.05308954  0.98990224]]
id: 37 , delta_t [[ 0.01156752]
 [-0.4248279 ]
 [ 0.90520023]]
id: 37 , delta_R [[ 9.99996586e-01 -2.47668786e-03 -8.33085280e-04]
 [ 2.47608610e-03  9.99996673e-01 -7.22583050e-04]
 [ 8.34872122e-04  7.20517792e-04  9.99999392e-01]]
id: 37 , current state: States.Forward_correct_lane
id: 38 , cur_t [[  1.95615234]
 [-15.87237166]
 [ 30.25105396]]
id: 38 , cur_R [[ 0.99117709  0.0042422  -0.13247632]
 [ 0.00288057  0.99856217  0.05352844]
 [ 0.13251292 -0.05343777  0.98973973]]
id: 38 , delta_t [[ 0.11646021]
 [-0.49840933]
 [ 0.85908391]]
id: 38 , delta_R [[ 9.99999405e-01 -6.71733738e-05 -1.08888381e-03]
 [ 6.75581365e-05  9.99999935e-01  3.53322205e-04]
 [ 1.08886001e-03 -3.53395558e-04  9.99999345e-01]]
id: 38 , current state: States.Forward_correct_lane
id: 39 , cur_t [[  1.87131956]
 [-16.29336316]
 [ 31.15414286]]
id: 39 , cur_R [[ 0.99116863  0.00429926 -0.13253776]
 [ 0.00288415  0.99853897  0.05395936]
 [ 0.1325761  -0.05386508  0.9897081 ]]
id: 39 , delta_t [[ 0.03437395]
 [-0.46900512]
 [ 0.88252628]]
id: 39 , delta_R [[ 9.99999996e-01  5.36620536e-05 -6.49756933e-05]
 [-5.36342258e-05  9.99999907e-01  4.28206566e-04]
 [ 6.49986657e-05 -4.28203080e-04  9.99999906e-01]]
id: 39 , current state: States.Forward_correct_lane
id: 40 , cur_t [[  1.79011462]
 [-16.69830202]
 [ 32.06487349]]
id: 40 , cur_R [[ 0.99107294  0.00437297 -0.13324902]
 [ 0.00279003  0.99856275  0.05352245]
 [ 0.13329156 -0.05341642  0.98963632]]
id: 40 , delta_t [[ 0.03908543]
 [-0.45375292]
 [ 0.89026997]]
id: 40 , delta_R [[ 9.99999740e-01  3.49540535e-05 -7.20601977e-04]
 [-3.52755666e-05  9.99999900e-01 -4.46165033e-04]
 [ 7.20586310e-04  4.46190337e-04  9.99999641e-01]]
id: 40 , current state: States.Forward_correct_lane
id: 41 , cur_t [[  1.61682736]
 [-17.07132026]
 [ 32.97637166]]
id: 41 , cur_R [[ 0.99105234  0.00360302 -0.13342515]
 [ 0.00328074  0.998676    0.05133695]
 [ 0.13343347 -0.05131534  0.98972837]]
id: 41 , delta_t [[-0.05128603]
 [-0.42192888]
 [ 0.9051772 ]]
id: 41 , delta_R [[ 9.99999688e-01 -7.78331303e-04 -1.35921546e-04]
 [ 7.78043678e-04  9.99997485e-01 -2.10349634e-03]
 [ 1.37558422e-04  2.10338993e-03  9.99997778e-01]]
id: 41 , current state: States.Forward_correct_lane
id: 42 , cur_t [[  0.74681509]
 [-16.63986294]
 [ 33.21495754]]
id: 42 , cur_R [[ 9.92092118e-01 -4.95282315e-04 -1.25510888e-01]
 [ 6.17278636e-03  9.98974649e-01  4.48502778e-02]
 [ 1.25359982e-01 -4.52703590e-02  9.91077933e-01]]
id: 42 , delta_t [[-0.82897686]
 [ 0.41550829]
 [ 0.37436644]]
id: 42 , delta_R [[ 0.99995974 -0.00368317  0.00818202]
 [ 0.00373273  0.99997473 -0.00604947]
 [-0.00815953  0.00607977  0.99994823]]
id: 42 , current state: States.Forward_correct_lane
id: 43 , cur_t [[  0.82033964]
 [-17.10717329]
 [ 34.09598829]]
id: 43 , cur_R [[ 0.99164006  0.00171932 -0.12902339]
 [ 0.00435696  0.9988949   0.04679736]
 [ 0.12896127 -0.04696829  0.99053671]]
id: 43 , delta_t [[ 0.18050451]
 [-0.50675219]
 [ 0.842983  ]]
id: 43 , delta_R [[ 0.99999128  0.002052   -0.00363809]
 [-0.00204581  0.99999645  0.00170569]
 [ 0.00364158 -0.00169823  0.99999193]]
id: 43 , current state: States.Forward_correct_lane
id: 44 , cur_t [[  0.70890207]
 [-17.51467336]
 [ 35.00236865]]
id: 44 , cur_R [[ 0.99173087  0.00220854 -0.12831603]
 [ 0.00385097  0.99888954  0.04695601]
 [ 0.12827725 -0.04706186  0.99062108]]
id: 44 , delta_t [[ 0.00460655]
 [-0.44981247]
 [ 0.89311115]]
id: 44 , delta_R [[ 9.99999626e-01  5.22179612e-04  6.89399796e-04]
 [-5.22243257e-04  9.99999859e-01  9.21426905e-05]
 [-6.89351584e-04 -9.25026904e-05  9.99999758e-01]]
id: 44 , current state: States.Forward_correct_lane
id: 45 , cur_t [[  0.58609358]
 [-17.90632938]
 [ 35.91424783]]
id: 45 , cur_R [[ 0.99170997 -0.00147994 -0.12848788]
 [ 0.0074078   0.99892912  0.0456699 ]
 [ 0.1282827  -0.04624311  0.99065893]]
id: 45 , delta_t [[-0.00632788]
 [-0.43440706]
 [ 0.90069443]]
id: 45 , delta_R [[ 9.99993183e-01 -3.69253627e-03  6.69245277e-07]
 [ 3.69253558e-03  9.99992847e-01 -8.19648179e-04]
 [ 2.35734014e-06  8.19645062e-04  9.99999664e-01]]
id: 45 , current state: States.Forward_correct_lane
id: 46 , cur_t [[  0.50350585]
 [-18.3213834 ]
 [ 36.82028835]]
id: 46 , cur_R [[ 0.9916048  -0.00365989 -0.1292537 ]
 [ 0.00957978  0.99893164  0.04520858]
 [ 0.12895015 -0.04606727  0.99058047]]
id: 46 , delta_t [[ 0.03125161]
 [-0.45638545]
 [ 0.88923318]]
id: 46 , delta_R [[ 9.99997325e-01 -2.21336674e-03 -6.71349514e-04]
 [ 2.21324737e-03  9.99997535e-01 -1.78497418e-04]
 [ 6.71742939e-04  1.77011078e-04  9.99999759e-01]]
id: 46 , current state: States.Forward_correct_lane
id: 47 , cur_t [[  0.31910746]
 [-18.68078311]
 [ 37.73507198]]
id: 47 , cur_R [[ 0.99121467 -0.00851934 -0.13198822]
 [ 0.01461216  0.99886826  0.0452623 ]
 [ 0.13145324 -0.04679329  0.99021737]]
id: 47 , delta_t [[-0.0683318 ]
 [-0.40048244]
 [ 0.91375302]]
id: 47 , delta_R [[ 9.99984378e-01 -4.98161781e-03 -2.53520385e-03]
 [ 4.98342003e-03  9.99987334e-01  7.05058502e-04]
 [ 2.53165941e-03 -7.17681473e-04  9.99996538e-01]]
id: 47 , current state: States.Forward_correct_lane
id: 48 , cur_t [[  0.25159087]
 [-19.07482687]
 [ 38.65168042]]
id: 48 , cur_R [[ 0.99129749 -0.00529339 -0.13153429]
 [ 0.01115421  0.99897539  0.04386063]
 [ 0.13116735 -0.04494609  0.99034084]]
id: 48 , delta_t [[ 0.04780988]
 [-0.43591373]
 [ 0.89871766]]
id: 48 , delta_R [[ 9.99994690e-01  3.24405678e-03  3.09414356e-04]
 [-3.24347975e-03  9.99993033e-01 -1.84753137e-03]
 [-3.15405697e-04  1.84651798e-03  9.99998245e-01]]
id: 48 , current state: States.Forward_correct_lane
id: 49 , cur_t [[  0.56130182]
 [-19.60059883]
 [ 39.44391963]]
id: 49 , cur_R [[ 0.99014692 -0.00318464 -0.13999619]
 [ 0.00993302  0.99882034  0.04753177]
 [ 0.13967967 -0.04845402  0.98901051]]
id: 49 , delta_t [[ 0.40506703]
 [-0.56248073]
 [ 0.72078855]]
id: 49 , delta_R [[ 0.99996131  0.00172261 -0.00862586]
 [-0.00169262  0.9999925   0.00348247]
 [ 0.0086318  -0.00346774  0.99995673]]
id: 49 , current state: States.Forward_correct_lane
id: 50 , cur_t [[  0.49173249]
 [-20.01034845]
 [ 40.35346092]]
id: 50 , cur_R [[ 0.98973934 -0.00648272 -0.1427376 ]
 [ 0.01342023  0.99877182  0.04769427]
 [ 0.14225311 -0.04912047  0.98861076]]
id: 50 , delta_t [[ 0.05409053]
 [-0.45311563]
 [ 0.88980922]]
id: 50 , delta_R [[ 9.99990721e-01 -3.42854628e-03 -2.60840653e-03]
 [ 3.43025310e-03  9.99993905e-01  6.50159405e-04]
 [ 2.60616153e-03 -6.59100867e-04  9.99996387e-01]]
id: 50 , current state: States.Forward_correct_lane
id: 51 , cur_t [[  0.42330053]
 [-20.41406407]
 [ 41.26578256]]
id: 51 , cur_R [[ 0.98968039 -0.00583341 -0.14317366]
 [ 0.01269393  0.99881183  0.04705099]
 [ 0.14272908 -0.04838288  0.98857853]]
id: 51 , delta_t [[ 0.05663282]
 [-0.44758983]
 [ 0.89244387]]
id: 51 , delta_R [[ 9.99999692e-01  6.26929899e-04 -4.71371408e-04]
 [-6.27279197e-04  9.99999529e-01 -7.41243375e-04]
 [ 4.70906478e-04  7.41538829e-04  9.99999614e-01]]
id: 51 , current state: States.Forward_correct_lane
id: 52 , cur_t [[  0.29822791]
 [-20.81467494]
 [ 42.17345418]]
id: 52 , cur_R [[ 0.98952446 -0.00990564 -0.14402509]
 [ 0.0166627   0.99881231  0.04578559]
 [ 0.14340049 -0.0477058   0.98851427]]
id: 52 , delta_t [[ 6.83889271e-04]
 [-4.43321036e-01]
 [ 8.96362645e-01]]
id: 52 , delta_R [[ 9.99991334e-01 -4.10943728e-03 -6.66931950e-04]
 [ 4.10898071e-03  9.99991324e-01 -6.84512179e-04]
 [ 6.69739124e-04  6.81765836e-04  9.99999543e-01]]time=1639771349.0947046 Pos: [2.4525  0.      0.43875] angle 0
time=1639771349.1797273 Pos: [2.4925  0.      0.43875] angle 0
time=1639771349.2636414 Pos: [2.5325  0.      0.43875] angle 0
time=1639771349.3483276 Pos: [2.5725  0.      0.43875] angle 0
time=1639771349.4337199 Pos: [2.6125  0.      0.43875] angle 0
time=1639771349.5195582 Pos: [2.6525  0.      0.43875] angle 0
time=1639771349.60527 Pos: [2.6925  0.      0.43875] angle 0
time=1639771349.694901 Pos: [2.7325  0.      0.43875] angle 0
time=1639771349.7791276 Pos: [2.7725  0.      0.43875] angle 0
time=1639771349.863242 Pos: [2.8125  0.      0.43875] angle 0
time=1639771349.9490447 Pos: [2.8525  0.      0.43875] angle 0
time=1639771350.0364702 Pos: [2.8925  0.      0.43875] angle 0
time=1639771350.1211576 Pos: [2.8925  0.      0.43875] angle 0.046587467971115765
time=1639771350.2023995 Pos: [2.8925  0.      0.43875] angle 0.0
time=1639771350.2818105 Pos: [2.8925  0.      0.43875] angle -0.046587467971115765
time=1639771350.3665159 Pos: [2.8925  0.      0.43875] angle -0.09317493594223153
time=1639771350.4477656 Pos: [2.8925  0.      0.43875] angle -0.1397624039133473
time=1639771350.5324147 Pos: [2.8925  0.      0.43875] angle -0.18634987188446306

id: 52 , current state: States.Forward_correct_lane
id: 53 , cur_t [[  0.10054201]
 [-21.16804272]
 [ 43.08781269]]
id: 53 , cur_R [[ 0.98966883 -0.01140954 -0.14291759]
 [ 0.01777871  0.99890097  0.04336783]
 [ 0.14226571 -0.04546068  0.988784  ]]
id: 53 , delta_t [[-0.07038363]
 [-0.39461009]
 [ 0.91614901]]
id: 53 , delta_R [[ 0.99999825 -0.001449    0.00118722]
 [ 0.00145165  0.99999645 -0.00223418]
 [-0.00118398  0.0022359   0.9999968 ]]
id: 53 , current state: States.Forward_correct_lane
id: 54 , cur_t [[  0.05391914]
 [-21.58430747]
 [ 43.99586003]]
id: 54 , cur_R [[ 0.98920943 -0.01290353 -0.14593902]
 [ 0.01960712  0.99881297  0.04458939]
 [ 0.14519042 -0.04696969  0.98828821]]
id: 54 , delta_t [[ 0.07564215]
 [-0.45655576]
 [ 0.88647341]]
id: 54 , delta_R [[ 0.99999421 -0.00163155 -0.00298497]
 [ 0.00163595  0.99999758  0.00147198]
 [ 0.00298256 -0.00147686  0.99999446]]
id: 54 , current state: States.Forward_correct_lane
id: 55 , cur_t [[-4.07357259e-02]
 [-2.20040026e+01]
 [ 4.48985762e+01]]
id: 55 , cur_R [[ 0.98920559 -0.0134096  -0.14591947]
 [ 0.02012798  0.99879932  0.04466304]
 [ 0.14514535 -0.047118    0.98828777]]
id: 55 , delta_t [[ 0.02920324]
 [-0.46037583]
 [ 0.88724363]]
id: 55 , delta_R [[ 9.99999872e-01 -5.04668161e-04  4.25295675e-05]
 [ 5.04661817e-04  9.99999862e-01  1.49057865e-04]
 [-4.26047864e-05 -1.49036383e-04  9.99999988e-01]]
id: 55 , current state: States.Forward_correct_lane
id: 56 , cur_t [[ -0.08111876]
 [-22.42614376]
 [ 45.80420638]]
id: 56 , cur_R [[ 0.98869961 -0.01610007 -0.1490432 ]
 [ 0.02313646  0.99869193  0.04559752]
 [ 0.14811411 -0.04853058  0.98777882]]
id: 56 , delta_t [[ 0.08300404]
 [-0.46376428]
 [ 0.8820618 ]]
id: 56 , delta_R [[ 0.99999137 -0.00283694 -0.00303381]
 [ 0.00284109  0.99999503  0.00136525]
 [ 0.00302992 -0.00137386  0.99999447]]
id: 56 , current state: States.Forward_correct_lane
id: 57 , cur_t [[ -0.31903419]
 [-22.76526636]
 [ 46.71436687]]
id: 57 , cur_R [[ 0.9887959  -0.0217424  -0.14768188]
 [ 0.02836116  0.99867843  0.04286061]
 [ 0.14655482 -0.04656883  0.98810578]]
id: 57 , delta_t [[-0.10826537]
 [-0.37901917]
 [ 0.91903377]]
id: 57 , delta_R [[ 0.99998315 -0.00557065  0.00163277]
 [ 0.00557379  0.99998261 -0.00192895]
 [-0.00162199  0.00193802  0.99999681]]
id: 57 , current state: States.Forward_correct_lane
id: 58 , cur_t [[ -0.57409294]
 [-23.07123923]
 [ 47.63160492]]
id: 58 , cur_R [[ 0.98958682 -0.01967845 -0.1425857 ]
 [ 0.02538559  0.99894309  0.03831795]
 [ 0.14168096 -0.04153856  0.98904047]]
id: 58 , delta_t [[-0.12645314]
 [-0.34273761]
 [ 0.93088159]]
id: 58 , delta_R [[ 0.99998457  0.00230207  0.00505536]
 [-0.00227712  0.99998522 -0.00493704]
 [-0.00506665  0.00492546  0.99997503]]
id: 58 , current state: States.Forward_correct_lane
id: 59 , cur_t [[ -0.65328988]
 [-23.49570305]
 [ 48.53357959]]
id: 59 , cur_R [[ 0.98963462 -0.01896006 -0.14235107]
 [ 0.02466078  0.99895849  0.03838992]
 [ 0.14147494 -0.04150248  0.98907148]]
id: 59 , delta_t [[ 0.03864513]
 [-0.45992346]
 [ 0.88711722]]
id: 59 , delta_R [[ 9.99999713e-01  7.27831953e-04  2.08987766e-04]
 [-7.27825250e-04  9.99999735e-01 -3.21477595e-05]
 [-2.09011109e-04  3.19956437e-05  9.99999978e-01]]
id: 59 , current state: States.Forward_correct_lane
id: 60 , cur_t [[ -0.76939525]
 [-23.87537187]
 [ 49.45138737]]
id: 60 , cur_R [[ 0.98968183 -0.02112542 -0.14171656]
 [ 0.02642973  0.99901473  0.03565155]
 [ 0.14082378 -0.03902922  0.98926507]]
id: 60 , delta_t [[ 0.00558197]
 [-0.41516333]
 [ 0.90972977]]
id: 60 , delta_R [[ 9.99997453e-01 -2.13757812e-03  7.24124087e-04]
 [ 2.13935392e-03  9.99994684e-01 -2.46051707e-03]
 [-7.18860690e-04  2.46205996e-03  9.99996711e-01]]
id: 60 , current state: States.Forward_correct_lane
id: 61 , cur_t [[ -0.74492257]
 [-24.32520516]
 [ 50.34416456]]
id: 61 , cur_R [[ 0.98896882 -0.02022027 -0.14673723]
 [ 0.02596547  0.99896509  0.03734357]
 [ 0.14583027 -0.04074173  0.98847036]]
id: 61 , delta_t [[ 0.13805545]
 [-0.48475147]
 [ 0.86368785]]
id: 61 , delta_R [[ 9.99986733e-01  7.06417370e-04 -5.10250502e-03]
 [-6.98208373e-04  9.99998460e-01  1.61041921e-03]
 [ 5.10363479e-03 -1.60683523e-03  9.99985685e-01]]
id: 61 , current state: States.Forward_correct_lane
id: 62 , cur_t [[ -0.79269988]
 [-24.74674847]
 [ 51.24971332]]
id: 62 , cur_R [[ 0.98859463 -0.02461533 -0.14857571]
 [ 0.03050927  0.99882998  0.0375214 ]
 [ 0.14747827 -0.04162639  0.98818895]]
id: 62 , delta_t [[ 0.07386058]
 [-0.45703461]
 [ 0.88637688]]
id: 62 , delta_R [[ 9.99988582e-01 -4.46887986e-03 -1.69279658e-03]
 [ 4.47031322e-03  9.99989652e-01  8.43908159e-04]
 [ 1.68900774e-03 -8.51465854e-04  9.99998211e-01]]
id: 62 , current state: States.Forward_correct_lane
id: 63 , cur_t [[ -0.57384236]
 [-25.25467228]
 [ 52.08284884]]
id: 63 , cur_R [[ 0.98592147 -0.01820504 -0.16621503]
 [ 0.02649408  0.99850603  0.04778892]
 [ 0.16509671 -0.05151984  0.98493085]]
id: 63 , delta_t [[ 0.32373437]
 [-0.5473972 ]
 [ 0.77172039]]
id: 63 , delta_R [[ 0.99982031  0.00565938 -0.01809205]
 [-0.00548692  0.99993918  0.00956758]
 [ 0.0181451  -0.00946659  0.99979055]]
id: 63 , current state: States.Forward_correct_lane
id: 64 , cur_t [[ -0.63889344]
 [-25.68329526]
 [ 52.9839874 ]]
id: 64 , cur_R [[ 0.98552257 -0.01862138 -0.16851857]
 [ 0.02729301  0.99841159  0.04928881]
 [ 0.16733307 -0.05317461  0.98446539]]
id: 64 , delta_t [[ 0.07328379]
 [-0.47322488]
 [ 0.8778882 ]]
id: 64 , delta_R [[ 9.99997181e-01 -5.36364551e-04 -2.31323679e-03]
 [ 5.40098981e-04  9.99998552e-01  1.61405205e-03]
 [ 2.31236772e-03 -1.61529687e-03  9.99996022e-01]]
id: 64 , current state: States.Forward_correct_lane
id: 65 , cur_t [[ -1.52940628]
 [-25.86187592]
 [ 52.56554286]]
id: 65 , cur_R [[ 0.98426022 -0.01763327 -0.17584338]
 [ 0.03014966  0.9971773   0.06876352]
 [ 0.1741345  -0.07298281  0.98201359]]
id: 65 , delta_t [[-0.95251412]
 [-0.1394638 ]
 [-0.27067823]]
id: 65 , delta_R [[ 9.99971889e-01  5.91048301e-04 -7.47479728e-03]
 [-4.43574080e-04  9.99805526e-01  1.97158186e-02]
 [ 7.48499662e-03 -1.97119487e-02  9.99777682e-01]]
id: 65 , current state: States.Change_lane_to_oncoming
id: 66 , cur_t [[ -0.69980066]
 [-25.79861526]
 [ 52.01078832]]
id: 66 , cur_R [[ 0.99286762 -0.04704856 -0.10954602]
 [ 0.05478612  0.99612998  0.06872808]
 [ 0.10588852 -0.07423949  0.9916028 ]]
id: 66 , delta_t [[ 0.72185319]
 [ 0.08894098]
 [-0.68630713]]
id: 66 , delta_R [[ 0.99733266 -0.0245139   0.06875056]
 [ 0.02427339  0.99969597  0.0043317 ]
 [-0.06883585 -0.00265133  0.99762448]]
id: 66 , current state: States.Change_lane_to_oncoming
id: 67 , cur_t [[ 4.89229212e-02]
 [-2.58142110e+01]
 [ 5.13480895e+01]]
id: 67 , cur_R [[ 0.99627392 -0.0734393  -0.045221  ]
 [ 0.07674472  0.99412625  0.07631024]
 [ 0.03935121 -0.07949637  0.99605814]]
id: 67 , delta_t [[ 0.67235676]
 [-0.00156338]
 [-0.7402256 ]]
id: 67 , delta_R [[ 0.99757711 -0.02168106  0.0661048 ]
 [ 0.02106566  0.99972816  0.00999241]
 [-0.06630348 -0.00857566  0.99776265]]
id: 67 , current state: States.Change_lane_to_oncoming
id: 68 , cur_t [[  1.01604715]
 [-25.83588058]
 [ 51.09470998]]
id: 68 , cur_R [[ 0.99574535 -0.09194029 -0.00617928]
 [ 0.09213309  0.99215219  0.08453115]
 [-0.00164103 -0.08474082  0.99640168]]
id: 68 , delta_t [[ 0.95188684]
 [-0.07242443]
 [-0.29776862]]
id: 68 , delta_R [[ 0.99906659 -0.0154536   0.04033778]
 [ 0.01510425  0.99984586  0.00895099]
 [-0.04046989 -0.00833336  0.99914601]]
id: 68 , current state: States.Change_lane_to_oncoming
id: 69 , cur_t [[  0.70078566]
 [-25.4037655 ]
 [ 50.24979179]]
id: 69 , cur_R [[ 0.98496607 -0.14320324  0.09661612]
 [ 0.13635103  0.98787982  0.07417449]
 [-0.10606714 -0.05988565  0.99255401]]
id: 69 , delta_t [[-0.27272152]
 [ 0.52930822]
 [-0.80340263]]
id: 69 , delta_R [[ 0.99334451 -0.04316437  0.10678726]
 [ 0.04448661  0.99895963 -0.01002992]
 [-0.10624323  0.01471377  0.9942313 ]]
id: 69 , current state: States.Change_lane_to_oncoming
id: 70 , cur_t [[  1.58223675]
 [-25.25649927]
 [ 49.801064  ]]
id: 70 , cur_R [[ 0.97636792 -0.16433059  0.14036078]
 [ 0.15430149  0.98480842  0.07964567]
 [-0.1513167  -0.0561056   0.9868918 ]]
id: 70 , delta_t [[ 0.93587459]
 [ 0.04612704]
 [-0.34930079]]time=1639771350.6147895 Pos: [2.8925  0.      0.43875] angle -0.23293733985557882
