
time=1640113545.8750176 gym-duckietown 2019.0.0

time=1640113546.1728857 Registering gym environment id: Duckietown-4way-v0
time=1640113546.1730347 Registering gym environment id: Duckietown-loop_dyn_duckiebots-v0
time=1640113546.173125 Registering gym environment id: Duckietown-loop_empty-v0
time=1640113546.173212 Registering gym environment id: Duckietown-loop_obstacles-v0
time=1640113546.173297 Registering gym environment id: Duckietown-loop_pedestrians-v0
time=1640113546.173415 Registering gym environment id: Duckietown-small_loop-v0
time=1640113546.1735268 Registering gym environment id: Duckietown-small_loop_cw-v0
time=1640113546.1736095 Registering gym environment id: Duckietown-straight_road-v0
time=1640113546.1736813 Registering gym environment id: Duckietown-straight_road_10_tiles_no_start_tile-v0
time=1640113546.1737888 Registering gym environment id: Duckietown-straight_road_no_start_tile-v0
time=1640113546.173892 Registering gym environment id: Duckietown-straight_road_trafficlight-v0
time=1640113546.173987 Registering gym environment id: Duckietown-straight_road_with_side_floor-v0
time=1640113546.1740675 Registering gym environment id: Duckietown-udem1-v0
time=1640113546.1741352 Registering gym environment id: Duckietown-zigzag_dists-v0
time=1640113548.008247 Falling back to non-multisampled frame buffer
time=1640113548.0124176 Falling back to non-multisampled frame buffer
time=1640113548.016665 loading map file "/home/appuser/aido-auto/gym-duckietown/gym_duckietown/maps/straight_road.yaml"
time=1640113548.0236278 loading mesh "duckiebot.obj"
time=1640113548.023926 loading materials from "/home/appuser/aido-auto/gym-duckietown/gym_duckietown/meshes/duckiebot.mtl"
time=1640113548.447563 loading texture "straight_1.png"
time=1640113548.4644349 road_tile_size=0.585
time=1640113548.4649506 Starting at [0.2925  0.      0.43875] 0
time=1640113548.4652882 Pos: [0.2925  0.      0.43875] angle 0
time=1640113548.6283278 using DuckietownEnv
/usr/local/lib/python3.6/dist-packages/gym/spaces/box.py:74: UserWarning: [33mWARN: Box bound precision lowered by casting to float32[0m
  "Box bound precision lowered by casting to {}".format(self.dtype)
time=1640113548.6297534 loading mesh "duckie.obj"
time=1640113548.6777606 loading texture "duckie.png"
time=1640113549.307182 Pos: [0.2925  0.      0.43875] angle 0
time=1640113549.58075 Pos: [0.3325  0.      0.43875] angle 0
time=1640113549.6726763 Pos: [0.3725  0.      0.43875] angle 0
time=1640113549.7756703 Pos: [0.4125  0.      0.43875] angle 0
time=1640113549.859198 Pos: [0.4525  0.      0.43875] angle 0
time=1640113549.9469402 Pos: [0.4925  0.      0.43875] angle 0
time=1640113550.0336611 Pos: [0.5325  0.      0.43875] angle 0
time=1640113550.1260054 Pos: [0.5725  0.      0.43875] angle 0
time=1640113550.2460198 Pos: [0.6125  0.      0.43875] angle 0
time=1640113550.38806 Pos: [0.6525  0.      0.43875] angle 0
time=1640113550.532067 Pos: [0.6925  0.      0.43875] angle 0
time=1640113550.6627057 Pos: [0.7325  0.      0.43875] angle 0
time=1640113550.8045695 Pos: [0.7725  0.      0.43875] angle 0
time=1640113550.937676 Pos: [0.8125  0.      0.43875] angle 0
time=1640113551.0491009 Pos: [0.8525  0.      0.43875] angle 0
time=1640113551.149422 Pos: [0.8925  0.      0.43875] angle 0
time=1640113551.264729 Pos: [0.9325  0.      0.43875] angle 0
time=1640113551.3893015 Pos: [0.9725  0.      0.43875] angle 0
time=1640113551.5004766 Pos: [1.0125  0.      0.43875] angle 0
time=1640113551.6177168 Pos: [1.0525  0.      0.43875] angle 0
env.road_tile_size = 0.585
id: 0 , cur_t None
id: 0 , cur_R None
id: 0 , delta_t None
id: 0 , delta_R None
id: 0 , current state: States.Forward_correct_lane
id: 1 , cur_t [[ 0.28972881]
 [-0.54141268]
 [ 0.78925885]]
id: 1 , cur_R [[ 9.99986279e-01 -9.91036489e-04 -5.14382372e-03]
 [ 9.99512585e-04  9.99998147e-01  1.64551106e-03]
 [ 5.14218343e-03 -1.65062980e-03  9.99985417e-01]]
id: 1 , delta_t None
id: 1 , delta_R None
id: 1 , current state: States.Forward_correct_lane
id: 2 , cur_t [[ 0.34098259]
 [-0.97418446]
 [ 1.6893042 ]]
id: 2 , cur_R [[ 9.99987764e-01 -9.78925025e-04 -4.84902015e-03]
 [ 9.77327239e-04  9.99999467e-01 -3.31865465e-04]
 [ 4.84934244e-03  3.27122325e-04  9.99988188e-01]]
id: 2 , delta_t [[ 0.05544872]
 [-0.43430741]
 [ 0.89905646]]
id: 2 , delta_R [[ 9.99999956e-01  1.25980288e-05  2.94786916e-04]
 [-1.20150741e-05  9.99998045e-01 -1.97746395e-03]
 [-2.94811251e-04  1.97746032e-03  9.99998001e-01]]
id: 2 , current state: States.Forward_correct_lane
id: 3 , cur_t [[ 0.425163  ]
 [-1.44210523]
 [ 2.56905633]]
id: 3 , cur_R [[ 9.99967345e-01 -2.21423482e-03 -7.77211741e-03]
 [ 2.21715671e-03  9.99997475e-01  3.67348968e-04]
 [ 7.77128438e-03 -3.84568975e-04  9.99969729e-01]]
id: 3 , delta_t [[ 0.08798828]
 [-0.46771514]
 [ 0.87948884]]
id: 3 , delta_R [[ 9.99994965e-01 -1.23435902e-03 -2.92356585e-03]
 [ 1.23642574e-03  9.99998987e-01  7.05217880e-04]
 [ 2.92269239e-03 -7.08829101e-04  9.99995478e-01]]
id: 3 , current state: States.Forward_correct_lane
id: 4 , cur_t [[ 0.6899843 ]
 [-1.99176688]
 [ 3.36135788]]
id: 4 , cur_R [[ 0.99991054 -0.00445548 -0.01261208]
 [ 0.00449604  0.99998481  0.00318957]
 [ 0.01259767 -0.00324599  0.99991538]]
id: 4 , delta_t [[ 0.26975117]
 [-0.55055134]
 [ 0.79001742]]
id: 4 , delta_R [[ 0.99998577 -0.00224314 -0.00483939]
 [ 0.0022569   0.99999342  0.00283985]
 [ 0.00483299 -0.00285073  0.99998426]]
id: 4 , current state: States.Forward_correct_lane
id: 5 , cur_t [[-0.18800615]
 [-1.54897552]
 [ 3.54320557]]
id: 5 , cur_R [[ 0.99894134 -0.02451927  0.03892298]
 [ 0.02569294  0.99922127 -0.02994538]
 [-0.03815843  0.03091372  0.99879341]]
id: 5 , delta_t [[-0.87363024]
 [ 0.44610622]
 [ 0.1943179 ]]
id: 5 , delta_R [[ 0.99847032 -0.01990347  0.05158361]
 [ 0.02161631  0.99922609 -0.03286263]
 [-0.05088961  0.03392741  0.99812784]]
id: 5 , current state: States.Forward_correct_lane
id: 6 , cur_t [[-0.00488636]
 [-2.01899658]
 [ 4.40665641]]
id: 6 , cur_R [[ 0.99914139 -0.02367278  0.03400111]
 [ 0.02467622  0.99926304 -0.02940185]
 [-0.03328003  0.03021563  0.99898922]]
id: 6 , delta_t [[ 0.13790178]
 [-0.44745253]
 [ 0.88361153]]
id: 6 , delta_R [[ 9.99987509e-01  9.98359889e-04 -4.89739566e-03]
 [-9.95516702e-04  9.99999335e-01  5.82954355e-04]
 [ 4.89797440e-03 -5.78071635e-04  9.99987838e-01]]
id: 6 , current state: States.Forward_correct_lane
id: 7 , cur_t [[ 0.02585739]
 [-2.45919464]
 [ 5.30403063]]
id: 7 , cur_R [[ 0.99900485 -0.02871458  0.03412877]
 [ 0.02973428  0.99911484 -0.02975567]
 [-0.03324414  0.03074085  0.99897439]]
id: 7 , delta_t [[-0.01000971]
 [-0.41348671]
 [ 0.91045513]]
id: 7 , delta_R [[ 9.99987273e-01 -5.04520947e-03 -2.02645952e-05]
 [ 5.04519811e-03  9.99987134e-01 -5.26267021e-04]
 [ 2.29194618e-05  5.26158084e-04  9.99999861e-01]]
id: 7 , current state: States.Forward_correct_lane
id: 8 , cur_t [[ 0.1429272 ]
 [-2.95600268]
 [ 6.16395878]]
id: 8 , cur_R [[ 0.99891208 -0.03367921  0.03225457]
 [ 0.03462176  0.99897606 -0.02912334]
 [-0.0312407   0.03020837  0.99905529]]
id: 8 , delta_t [[ 0.0735935 ]
 [-0.47329498]
 [ 0.8778245 ]]
id: 8 , delta_R [[ 9.99985916e-01 -4.90722797e-03 -2.02180588e-03]
 [ 4.90817746e-03  9.99987847e-01  4.64930820e-04]
 [ 2.01949979e-03 -4.74847654e-04  9.99997848e-01]]
id: 8 , current state: States.Forward_correct_lane
id: 9 , cur_t [[ 0.24078312]
 [-3.43483876]
 [ 7.03639229]]
id: 9 , cur_R [[ 0.99891526 -0.03497116  0.03074611]
 [ 0.03589872  0.99890046 -0.03015225]
 [-0.02965784  0.03122329  0.99907233]]
id: 9 , delta_t [[ 0.05391589]
 [-0.4552867 ]
 [ 0.88871092]]
id: 9 , delta_R [[ 0.99999803 -0.00124658 -0.00154617]
 [ 0.00124493  0.99999865 -0.00107011]
 [ 0.0015475   0.00106818  0.99999823]]
id: 9 , current state: States.Forward_correct_lane
id: 10 , cur_t [[ 0.32233999]
 [-3.92131163]
 [ 7.9062731 ]]
id: 10 , cur_R [[ 0.99891558 -0.0353792   0.03026521]
 [ 0.03630327  0.99887381 -0.0305481 ]
 [-0.02915036  0.0316137   0.99907499]]
id: 10 , delta_t [[ 0.03820587]
 [-0.46162957]
 [ 0.88624965]]
id: 10 , delta_R [[ 9.99999801e-01 -3.93076447e-04 -4.93198304e-04]
 [ 3.92875080e-04  9.99999839e-01 -4.08319141e-04]
 [ 4.93358725e-04  4.08125294e-04  9.99999795e-01]]
id: 10 , current state: States.Forward_correct_lane
id: 11 , cur_t [[ 1.04684603]
 [-4.53342473]
 [ 8.2231462 ]]
id: 11 , cur_R [[ 0.99929538 -0.03059977  0.02173454]
 [ 0.03117644  0.99915698 -0.02670887]
 [-0.02089893  0.02736766  0.99940695]]
id: 11 , delta_t [[ 0.69226169]
 [-0.62703865]
 [ 0.35720621]]
id: 11 , delta_R [[ 0.99995212  0.00504844 -0.00838276]
 [-0.00501509  0.99997945  0.00399408]
 [ 0.00840275 -0.00395185  0.99995689]]
id: 11 , current state: States.Forward_correct_lane
id: 12 , cur_t [[ 1.1848076 ]
 [-5.02646637]
 [ 9.0821436 ]]
id: 12 , cur_R [[ 0.99934144 -0.03198176  0.01714232]
 [ 0.03239393  0.99917897 -0.02433146]
 [-0.01635008  0.02487074  0.99955696]]
id: 12 , delta_t [[ 0.10454095]
 [-0.47333884]
 [ 0.87465509]]
id: 12 , delta_R [[ 0.9999885  -0.00125674 -0.00462828]
 [ 0.00126763  0.99999643  0.00235116]
 [ 0.0046253  -0.002357    0.99998653]]
id: 12 , current state: States.Forward_correct_lane
id: 13 , cur_t [[ 1.25871822]
 [-5.52289384]
 [ 9.9470696 ]]
id: 13 , cur_R [[ 0.99933225 -0.03214119  0.0173783 ]
 [ 0.03255966  0.99917292 -0.02435847]
 [-0.01658102  0.02490804  0.99955223]]
id: 13 , delta_t [[ 0.0436391 ]
 [-0.47687233]
 [ 0.87788861]]
id: 13 , delta_R [[ 9.99999959e-01 -1.65341661e-04  2.32058822e-04]
 [ 1.65348596e-04  9.99999986e-01 -2.98642799e-05]
 [-2.32053881e-04  2.99026493e-05  9.99999973e-01]]
id: 13 , current state: States.Forward_correct_lane
id: 14 , cur_t [[ 1.28999946]
 [-5.96147308]
 [10.84521755]]
id: 14 , cur_R [[ 0.99924733 -0.03470544  0.01732955]
 [ 0.03513647  0.99906425 -0.0252202 ]
 [-0.01643805  0.02581011  0.9995317 ]]
id: 14 , delta_t [[ 0.00208816]
 [-0.41685081]
 [ 0.90897252]]
id: 14 , delta_R [[ 9.99996708e-01 -2.56370963e-03 -1.11193033e-04]
 [ 2.56360776e-03  9.99996303e-01 -9.06767977e-04]
 [ 1.13517311e-04  9.06479936e-04  9.99999583e-01]]
id: 14 , current state: States.Forward_correct_lane
id: 15 , cur_t [[ 1.45039537]
 [-6.47217224]
 [11.68988288]]
id: 15 , cur_R [[ 0.99929965 -0.03400696  0.01561231]
 [ 0.03439016  0.99909649 -0.0249702 ]
 [-0.01474904  0.02548962  0.99956628]]
id: 15 , delta_t [[ 0.12844636]
 [-0.49398699]
 [ 0.85992929]]
id: 15 , delta_R [[ 9.99998280e-01  7.42981840e-04 -1.69926663e-03]
 [-7.42536010e-04  9.99999690e-01  2.62982099e-04]
 [ 1.69946149e-03 -2.61719881e-04  9.99998522e-01]]
id: 15 , current state: States.Forward_correct_lane
id: 16 , cur_t [[ 1.51170953]
 [-6.95048769]
 [12.56592791]]
id: 16 , cur_R [[ 0.99932343 -0.0333868   0.01542759]
 [ 0.03377036  0.99910911 -0.02530923]
 [-0.01456885  0.02581311  0.99956062]]
id: 16 , delta_t [[ 0.03190105]
 [-0.45763834]
 [ 0.88856596]]
id: 16 , delta_R [[ 9.99999790e-01  6.25026397e-04 -1.69184350e-04]
 [-6.25082106e-04  9.99999750e-01 -3.29426965e-04]
 [ 1.68978407e-04  3.29532650e-04  9.99999931e-01]]
id: 16 , current state: States.Forward_correct_lane
id: 17 , cur_t [[ 1.54188944]
 [-7.41419078]
 [13.45140441]]
id: 17 , cur_R [[ 0.99901166 -0.04224354  0.01382736]
 [ 0.04256913  0.99880122 -0.02416609]
 [-0.01278993  0.02473083  0.99961233]]
id: 17 , delta_t [[ 0.0015997 ]
 [-0.44144069]
 [ 0.897289  ]]
id: 17 , delta_R [[ 0.99995945 -0.00881888 -0.0018236 ]
 [ 0.00882072  0.99996059  0.0010065 ]
 [ 0.00181465 -0.00102255  0.99999783]]
id: 17 , current state: States.Forward_correct_lane
id: 18 , cur_t [[ 1.58179529]
 [-7.89481591]
 [14.32742211]]
id: 18 , cur_R [[ 0.99869179 -0.04955433  0.01261279]
 [ 0.0498401   0.99848182 -0.02345264]
 [-0.01143146  0.02405058  0.99964538]]
id: 18 , delta_t [[ 0.00820241]
 [-0.46007008]
 [ 0.88784472]]time=1640113551.7558239 Pos: [1.0925  0.      0.43875] angle 0
time=1640113551.870473 Pos: [1.1325  0.      0.43875] angle 0
time=1640113551.974645 Pos: [1.1725  0.      0.43875] angle 0
time=1640113552.0833352 Pos: [1.2125  0.      0.43875] angle 0
time=1640113552.169863 Pos: [1.2525  0.      0.43875] angle 0
time=1640113552.262726 Pos: [1.2925  0.      0.43875] angle 0
time=1640113552.3544905 Pos: [1.3325  0.      0.43875] angle 0
time=1640113552.4561958 Pos: [1.3725  0.      0.43875] angle 0
time=1640113552.554022 Pos: [1.4125  0.      0.43875] angle 0
time=1640113552.6470282 Pos: [1.4125  0.      0.43875] angle 0.046587467971115765
time=1640113552.733303 Pos: [1.4125  0.      0.43875] angle 0.09317493594223153
time=1640113552.825929 Pos: [1.4125  0.      0.43875] angle 0.1397624039133473
time=1640113552.9431517 Pos: [1.4125  0.      0.43875] angle 0.18634987188446306
time=1640113553.066382 Pos: [1.4125  0.      0.43875] angle 0.23293733985557882
time=1640113553.1696014 Pos: [1.4125  0.      0.43875] angle 0.2795248078266946
time=1640113553.2774093 Pos: [1.4125  0.      0.43875] angle 0.3261122757978103
time=1640113553.3985934 Pos: [1.4125  0.      0.43875] angle 0.3726997437689261

id: 18 , delta_R [[ 9.99972487e-01 -7.28629335e-03 -1.39081458e-03]
 [ 7.28715059e-03  9.99973261e-01  6.12283611e-04]
 [ 1.38631611e-03 -6.22401841e-04  9.99998845e-01]]
id: 18 , current state: States.Forward_correct_lane
id: 19 , cur_t [[ 1.65225154]
 [-8.37618584]
 [15.20110335]]
id: 19 , cur_R [[ 0.9986504  -0.05040056  0.01253672]
 [ 0.05068417  0.99843964 -0.02343937]
 [-0.0113358   0.02404315  0.99964665]]
id: 19 , delta_t [[ 0.0363851 ]
 [-0.463118  ]
 [ 0.88554946]]
id: 19 , delta_R [[ 9.99999638e-01 -8.45220206e-04 -9.59267249e-05]
 [ 8.45220459e-04  9.99999643e-01  2.59935420e-06]
 [ 9.59244936e-05 -2.68043249e-06  9.99999995e-01]]
id: 19 , current state: States.Forward_correct_lane
id: 20 , cur_t [[ 1.71828872]
 [-8.83720895]
 [16.08603091]]
id: 20 , cur_R [[ 0.99849752 -0.0536068   0.01135818]
 [ 0.05386301  0.99826941 -0.02359999]
 [-0.01007341  0.02417631  0.99965696]]
id: 20 , delta_t [[ 0.03255013]
 [-0.44235561]
 [ 0.89624885]]
id: 20 , delta_R [[ 9.99994154e-01 -3.18136645e-03 -1.25347232e-03]
 [ 3.18111733e-03  9.99994920e-01 -2.00686392e-04]
 [ 1.25410441e-03  1.96697776e-04  9.99999194e-01]]
id: 20 , current state: States.Forward_correct_lane
id: 21 , cur_t [[ 1.91075179]
 [-9.32598362]
 [16.93694647]]
id: 21 , cur_R [[ 0.99827156 -0.058112    0.0087686 ]
 [ 0.0583028   0.99802581 -0.02335074]
 [-0.00739433  0.02382161  0.99968888]]
id: 21 , delta_t [[ 0.1572754 ]
 [-0.47767413]
 [ 0.86434477]]
id: 21 , delta_R [[ 9.99986473e-01 -4.44845818e-03 -2.69533594e-03]
 [ 4.44900941e-03  9.99990083e-01  1.98548975e-04]
 [ 2.69442597e-03 -2.10537864e-04  9.99996348e-01]]
id: 21 , current state: States.Forward_correct_lane
id: 22 , cur_t [[ 2.09518706]
 [-9.83375052]
 [17.77846676]]
id: 22 , cur_R [[ 9.98210911e-01 -5.97796772e-02  1.16934424e-03]
 [ 5.97911106e-02  9.98025345e-01 -1.92466436e-02]
 [-1.64770527e-05  1.92821260e-02  9.99814082e-01]]
id: 22 , delta_t [[ 0.14828978]
 [-0.49743601]
 [ 0.85473245]]
id: 22 , delta_R [[ 0.99996973 -0.00149047 -0.00763617]
 [ 0.00152175  0.99999047  0.0040918 ]
 [ 0.00763    -0.0041033   0.99996247]]
id: 22 , current state: States.Forward_correct_lane
id: 23 , cur_t [[  2.15260558]
 [-10.30741689]
 [ 18.65729739]]
id: 23 , cur_R [[ 9.98163149e-01 -6.05685532e-02  1.33381673e-03]
 [ 6.05829603e-02  9.97983276e-01 -1.89495403e-02]
 [-1.83380547e-04  1.89955394e-02  9.99819552e-01]]
id: 23 , delta_t [[ 0.02898027]
 [-0.45921778]
 [ 0.88785087]]
id: 23 , delta_R [[ 9.99999674e-01 -7.93339506e-04  1.49231486e-04]
 [ 7.93295274e-04  9.99999641e-01  2.96223792e-04]
 [-1.49466439e-04 -2.96105310e-04  9.99999945e-01]]
id: 23 , current state: States.Forward_correct_lane
id: 24 , cur_t [[  2.24550143]
 [-10.77062153]
 [ 19.53866668]]
id: 24 , cur_R [[ 9.98097813e-01 -6.16502728e-02  1.52191488e-05]
 [ 6.16380321e-02  9.97894660e-01 -2.01742626e-02]
 [ 1.22856169e-03  2.01368255e-02  9.99796479e-01]]
id: 24 , delta_t [[ 0.06450127]
 [-0.45115497]
 [ 0.89011167]]
id: 24 , delta_R [[ 0.99999854 -0.00105851 -0.0013389 ]
 [ 0.00105687  0.99999869 -0.00122638]
 [ 0.00134019  0.00122496  0.99999835]]
id: 24 , current state: States.Forward_correct_lane
id: 25 , cur_t [[  2.26623189]
 [-11.23574118]
 [ 20.42367174]]
id: 25 , cur_R [[ 0.9980664  -0.06204462  0.00373295]
 [ 0.06211263  0.99782078 -0.02226471]
 [-0.00234341  0.02245352  0.99974514]]
id: 25 , delta_t [[-0.00689074]
 [-0.44759725]
 [ 0.89420871]]
id: 25 , delta_R [[ 9.99993011e-01 -4.70460923e-04  3.70899417e-03]
 [ 4.78218413e-04  9.99997700e-01 -2.09092560e-03]
 [-3.70800193e-03  2.09268469e-03  9.99990936e-01]]
id: 25 , current state: States.Forward_correct_lane
id: 26 , cur_t [[  2.29812043]
 [-11.685122  ]
 [ 21.31644271]]
id: 26 , cur_R [[ 0.99777984 -0.06649969  0.00363176]
 [ 0.06656463  0.99753057 -0.02240326]
 [-0.00213299  0.02259527  0.99974242]]
id: 26 , delta_t [[ 0.00182252]
 [-0.43033418]
 [ 0.90266781]]
id: 26 , delta_R [[ 9.99990030e-01 -4.46090741e-03 -2.00520339e-04]
 [ 4.46087627e-03  9.99990038e-01 -1.55467316e-04]
 [ 2.01211867e-04  1.54571269e-04  9.99999968e-01]]
id: 26 , current state: States.Forward_correct_lane
id: 27 , cur_t [[  2.38755059]
 [-12.13833412]
 [ 22.20334801]]
id: 27 , cur_R [[ 0.99814129 -0.06086809  0.0030073 ]
 [ 0.06092328  0.99784745 -0.02426575]
 [-0.00152382  0.02440387  0.99970102]]
id: 27 , delta_t [[ 0.05717196]
 [-0.43800016]
 [ 0.89715507]]
id: 27 , delta_R [[ 9.99983882e-01  5.65574488e-03 -4.97827545e-04]
 [-5.65665337e-03  9.99982303e-01 -1.84281940e-03]
 [ 4.87396219e-04  1.84560574e-03  9.99998178e-01]]
id: 27 , current state: States.Forward_correct_lane
id: 28 , cur_t [[  1.39000451]
 [-12.20810033]
 [ 22.20922065]]
id: 28 , cur_R [[ 0.99824288 -0.04809887 -0.034607  ]
 [ 0.04730991  0.99860925 -0.02326676]
 [ 0.03567798  0.02158863  0.99913013]]
id: 28 , delta_t [[-0.99995127]
 [-0.00875399]
 [ 0.00456389]]
id: 28 , delta_R [[ 9.99211051e-01  1.36606678e-02 -3.72915899e-02]
 [-1.36314361e-02  9.99906549e-01  1.03802643e-03]
 [ 3.73022851e-02 -5.28869557e-04  9.99303888e-01]]
id: 28 , current state: States.Change_lane_to_oncoming
id: 29 , cur_t [[  0.46658145]
 [-12.06082266]
 [ 22.56362033]]
id: 29 , cur_R [[ 0.99560551 -0.0348471  -0.08692149]
 [ 0.03172582  0.99881019 -0.03703608]
 [ 0.08810867  0.03411567  0.99552649]]
id: 29 , delta_t [[-0.90218854]
 [ 0.19913946]
 [ 0.38262163]]
id: 29 , delta_R [[ 0.99854031  0.01432576 -0.05207699]
 [-0.01508986  0.99978375 -0.01430901]
 [ 0.05186074  0.01507396  0.99854055]]
id: 29 , current state: States.Change_lane_to_oncoming
id: 30 , cur_t [[ -0.49875489]
 [-11.82856514]
 [ 22.68270941]]
id: 30 , cur_R [[ 0.99503153 -0.03092764 -0.09463478]
 [ 0.02467318  0.99747723 -0.06656139]
 [ 0.09645462  0.06389574  0.99328437]]
id: 30 , delta_t [[-0.94323284]
 [ 0.26968314]
 [ 0.19386289]]
id: 30 , delta_R [[ 0.99996241  0.00418225 -0.00759564]
 [-0.00440881  0.99953837 -0.0300601 ]
 [ 0.00746642  0.03009246  0.99951923]]
id: 30 , current state: States.Change_lane_to_oncoming
id: 31 , cur_t [[ -1.49022738]
 [-11.72247311]
 [ 22.7583849 ]]
id: 31 , cur_R [[ 0.99063164 -0.01874423 -0.13526864]
 [ 0.00865959  0.997164   -0.07475942]
 [ 0.13628633  0.07288768  0.98798453]]
id: 31 , delta_t [[-0.97662951]
 [ 0.14132363]
 [ 0.16193344]]
id: 31 , delta_R [[ 0.99909055  0.01474876 -0.0400069 ]
 [-0.01514852  0.99983813 -0.00970757]
 [ 0.03985725  0.01030479  0.99915225]]
id: 31 , current state: States.Change_lane_to_oncoming
id: 32 , cur_t [[ -2.47115811]
 [-11.52816972]
 [ 22.75379086]]
id: 32 , cur_R [[ 0.98459501 -0.01101035 -0.17450343]
 [-0.00431578  0.99618103 -0.08720515]
 [ 0.17479717  0.08661487  0.98078734]]
id: 32 , delta_t [[-0.97068453]
 [ 0.21180429]
 [ 0.11362431]]
id: 32 , delta_R [[ 0.99918219  0.01059284 -0.03902237]
 [-0.01115188  0.99983789 -0.0141362 ]
 [ 0.0388663   0.01455981  0.99913834]]
id: 32 , current state: States.Change_lane_to_oncoming
id: 33 , cur_t [[ -3.36770722]
 [-11.09258264]
 [ 22.83418724]]
id: 33 , cur_R [[ 0.98262508 -0.01047966 -0.18530549]
 [-0.01513182  0.99055762 -0.13625942]
 [ 0.18498372  0.13669593  0.97318819]]
id: 33 , delta_t [[-0.87056462]
 [ 0.45075843]
 [ 0.19731722]]
id: 33 , delta_R [[ 0.99993958  0.00147916 -0.0108929 ]
 [-0.00202737  0.99872253 -0.05048949]
 [ 0.0108043   0.05050852  0.99866519]]
id: 33 , current state: States.Change_lane_to_oncoming
id: 34 , cur_t [[ -4.31707616]
 [-10.78900183]
 [ 22.91504083]]
id: 34 , cur_R [[ 0.97504478 -0.00740675 -0.22188468]
 [-0.02852113  0.9869824  -0.15827913]
 [ 0.2201686   0.16065764  0.96214079]]
id: 34 , delta_t [[-0.92251087]
 [ 0.32171571]
 [ 0.21324329]]
id: 34 , delta_R [[ 0.99929753  0.00814286 -0.03658061]
 [-0.00903883  0.99966154 -0.02439485]
 [ 0.03636958  0.02470835  0.99903291]]
id: 34 , current state: States.Change_lane_to_oncoming
id: 35 , cur_t [[ -5.04678593]
 [-10.12004166]
 [ 23.05651856]]
id: 35 , cur_R [[ 0.9681804  -0.00854548 -0.25010737]
 [-0.05037016  0.97230881 -0.22820698]
 [ 0.24513174  0.23354347  0.94093989]]
id: 35 , delta_t [[-0.69943025]
 [ 0.68838617]
 [ 0.19215048]]
id: 35 , delta_R [[ 0.99957753  0.00353893 -0.02884847]
 [-0.00567918  0.9972087  -0.07444833]
 [ 0.02850448  0.07458071  0.99680751]]
id: 35 , current state:time=1640113553.490783 Pos: [1.4125  0.      0.43875] angle 0.4192872117400419
time=1640113553.5829344 Pos: [1.4125  0.      0.43875] angle 0.4658746797111577
time=1640113553.668537 Pos: [1.4125  0.      0.43875] angle 0.5124621476822735
time=1640113553.7556715 Pos: [1.4125  0.      0.43875] angle 0.5590496156533893
time=1640113553.8410764 Pos: [1.4125  0.      0.43875] angle 0.6056370836245051
time=1640113553.9199321 Pos: [1.4125  0.      0.43875] angle 0.6522245515956209
time=1640113554.0118198 Pos: [1.4125  0.      0.43875] angle 0.6988120195667367
time=1640113554.093923 Pos: [1.4125  0.      0.43875] angle 0.7453994875378525
time=1640113554.1731746 Pos: [1.4125  0.      0.43875] angle 0.7919869555089682
time=1640113554.2505133 Pos: [1.4125  0.      0.43875] angle 0.838574423480084
time=1640113554.3323598 Pos: [1.4125  0.      0.43875] angle 0.8851618914511998
time=1640113554.412332 Pos: [1.4125  0.      0.43875] angle 0.9317493594223156
time=1640113554.494098 Pos: [1.4125  0.      0.43875] angle 0.9783368273934314
time=1640113554.5731988 Pos: [1.4125  0.      0.43875] angle 1.0249242953645472
time=1640113554.650398 Pos: [1.4125  0.      0.43875] angle 1.071511763335663
time=1640113554.7297177 Pos: [1.4125  0.      0.43875] angle 1.1180992313067788
time=1640113554.836753 Pos: [1.4125  0.      0.43875] angle 1.1646866992778946
time=1640113554.9246776 Pos: [1.4125  0.      0.43875] angle 1.2112741672490104
 States.Change_lane_to_oncoming
id: 36 , cur_t [[-5.77238997]
 [-9.5161652 ]
 [22.72662162]]
id: 36 , cur_R [[ 0.95038233 -0.02401731 -0.31015576]
 [-0.05867336  0.96528193 -0.25453532]
 [ 0.30550101  0.26010375  0.91597772]]
id: 36 , delta_t [[-0.81380117]
 [ 0.51630976]
 [-0.2667431 ]]
id: 36 , delta_R [[ 9.97919021e-01 -4.43438527e-04 -6.44781445e-02]
 [-1.39403526e-03  9.99594249e-01 -2.84498401e-02]
 [ 6.44645982e-02  2.84805214e-02  9.97513496e-01]]
id: 36 , current state: States.Change_lane_to_oncoming
id: 37 , cur_t [[-6.72199182]
 [-9.2750258 ]
 [22.52635152]]
id: 37 , cur_R [[ 0.93710831 -0.02315901 -0.34826954]
 [-0.07382389  0.96207182 -0.26261731]
 [ 0.34114226  0.27181148  0.89985581]]
id: 37 , delta_t [[-0.97781599]
 [ 0.20348339]
 [ 0.04970305]]
id: 37 , delta_R [[ 0.9991852   0.01130864 -0.03874335]
 [-0.01181502  0.99984742 -0.01286639]
 [ 0.03859193  0.01331366  0.99916636]]
id: 37 , current state: States.Change_lane_to_oncoming
id: 38 , cur_t [[-7.67685381]
 [-9.12006944]
 [22.27292085]]
id: 38 , cur_R [[ 0.92984163 -0.01824866 -0.36750719]
 [-0.0865268   0.95991839 -0.26658918]
 [ 0.3576418   0.27968493  0.89099309]]
id: 38 , delta_t [[-0.9927045 ]
 [ 0.10230743]
 [ 0.06380405]]
id: 38 , delta_R [[ 0.9997765   0.01031271 -0.01845539]
 [-0.01047085  0.99990911 -0.00849293]
 [ 0.01836613  0.00868427  0.99979361]]
id: 38 , current state: States.Change_lane_to_oncoming
id: 39 , cur_t [[-8.45265419]
 [-8.4967815 ]
 [22.1747072 ]]
id: 39 , cur_R [[ 0.91561082 -0.01899554 -0.40161672]
 [-0.11287723  0.94656679 -0.30210934]
 [ 0.38589577  0.32194796  0.86454263]]
id: 39 , delta_t [[-0.8104279 ]
 [ 0.58499399]
 [ 0.03144272]]
id: 39 , delta_R [[ 0.99931673  0.00960763 -0.03568978]
 [-0.01120417  0.99893285 -0.04480648]
 [ 0.03522121  0.04517574  0.99835796]]
id: 39 , current state: States.Change_lane_to_oncoming
id: 40 , cur_t [[-9.36881563]
 [-8.41186342]
 [21.78299669]]
id: 40 , cur_R [[ 0.90704683 -0.01422626 -0.42078933]
 [-0.12195722  0.94770408 -0.29492952]
 [ 0.4029795   0.31883318  0.85787699]]
id: 40 , delta_t [[-0.99959209]
 [-0.02832679]
 [ 0.00364077]]
id: 40 , delta_R [[ 0.99976816  0.01127335 -0.01834489]
 [-0.01121888  0.99993236  0.00306948]
 [ 0.01837825 -0.00286296  0.99982701]]
id: 40 , current state: States.Change_lane_to_oncoming
id: 41 , cur_t [[-10.34185472]
 [ -8.32875453]
 [ 21.56785058]]
id: 41 , cur_R [[ 0.91148706 -0.00115704 -0.41132712]
 [-0.13171507  0.94651894 -0.29453867]
 [ 0.3896697   0.32264617  0.86258737]]
id: 41 , delta_t [[-0.97942722]
 [ 0.02400962]
 [ 0.2003643 ]]
id: 41 , delta_R [[ 0.99985997  0.00905355  0.01407363]
 [-0.00899843  0.99995161 -0.00397478]
 [-0.01410894  0.00384758  0.99989306]]
id: 41 , current state: States.Change_lane_to_oncoming
id: 42 , cur_t [[-10.11282027]
 [ -7.72708362]
 [ 20.80264777]]
id: 42 , cur_R [[ 0.85929938  0.00341265 -0.51146156]
 [-0.17004828  0.94499979 -0.27939036]
 [ 0.48237761  0.32705312  0.81261805]]
id: 42 , delta_t [[-0.16866354]
 [ 0.32233815]
 [-0.93147771]]
id: 42 , delta_R [[ 0.99361433  0.04069267 -0.10523627]
 [-0.04116938  0.99914939 -0.00236069]
 [ 0.10505069  0.00667813  0.99444445]]
id: 42 , current state: States.Change_lane_to_oncoming
id: 43 , cur_t [[-10.99874026]
 [ -7.40769551]
 [ 20.46628933]]
id: 43 , cur_R [[ 0.84993276  0.00663895 -0.52684935]
 [-0.18617374  0.93920335 -0.28850721]
 [ 0.49290328  0.34329724  0.79949569]]
id: 43 , delta_t [[-0.97783368]
 [ 0.18879128]
 [ 0.09054912]]
id: 43 , delta_R [[ 0.99983254  0.00894083 -0.01596747]
 [-0.00921346  0.99981163 -0.01708283]
 [ 0.01581173  0.01722708  0.99972657]]
id: 43 , current state: States.Change_lane_to_oncoming
id: 44 , cur_t [[-11.81295755]
 [ -7.0466445 ]
 [ 20.01165499]]
id: 44 , cur_R [[ 0.83110358  0.00554407 -0.55609001]
 [-0.20125702  0.93517044 -0.29146502]
 [ 0.51842304  0.35415464  0.77833929]]
id: 44 , delta_t [[-0.98333892]
 [ 0.17762005]
 [-0.03867417]]
id: 44 , delta_R [[ 0.99939462  0.01091332 -0.03303461]
 [-0.01128823  0.99987374 -0.01118384]
 [ 0.03290839  0.01154997  0.99939163]]
id: 44 , current state: States.Change_lane_to_oncoming
id: 45 , cur_t [[-12.71306887]
 [ -7.03811872]
 [ 19.57607845]]
id: 45 , cur_R [[ 0.81805867  0.00523312 -0.57511097]
 [-0.20015868  0.94003861 -0.27615923]
 [ 0.53918134  0.3410279   0.77005419]]
id: 45 , delta_t [[-0.97561453]
 [-0.15127867]
 [ 0.15903161]]
id: 45 , delta_R [[ 0.99973397  0.00787854 -0.02167767]
 [-0.00757157  0.99987041  0.01420659]
 [ 0.02178679 -0.01403867  0.99966407]]
id: 45 , current state: States.Change_lane_to_oncoming
id: 46 , cur_t [[-12.10126411]
 [ -6.72926751]
 [ 18.84785742]]
id: 46 , cur_R [[ 0.76682384 -0.03049649 -0.64113271]
 [-0.1932788   0.94153685 -0.27595591]
 [ 0.61206576  0.33552694  0.71609858]]
id: 46 , delta_t [[ 0.04602974]
 [ 0.04519002]
 [-0.99791739]]
id: 46 , delta_R [[ 0.99586976 -0.00509961 -0.09064997]
 [ 0.00551905  0.99997519  0.00437701]
 [ 0.0906254  -0.00485923  0.9958732 ]]
id: 46 , current state: States.Change_lane_to_oncoming
id: 47 , cur_t [[-11.80329961]
 [ -6.27954929]
 [ 18.00585345]]
id: 47 , cur_R [[ 0.70284756 -0.04921576 -0.70963591]
 [-0.20429342  0.94161102 -0.2676432 ]
 [ 0.68137326  0.33308632  0.65175455]]
id: 47 , delta_t [[-0.37379652]
 [ 0.13182439]
 [-0.91809504]]
id: 47 , delta_R [[ 9.95431968e-01  1.36442442e-02 -9.44935524e-02]
 [-1.37780829e-02  9.99904786e-01 -7.64063479e-04]
 [ 9.44741302e-02  2.06251321e-03  9.95525180e-01]]
id: 47 , current state: States.Change_lane_to_oncoming
id: 48 , cur_t [[-12.78368337]
 [ -6.15232544]
 [ 17.85531515]]
id: 48 , cur_R [[ 0.78518115 -0.01232719 -0.61914344]
 [-0.2243025   0.92625175 -0.30289617]
 [ 0.57721655  0.37670379  0.72451039]]
id: 48 , delta_t [[-0.8176241 ]
 [ 0.11790346]
 [ 0.56355089]]
id: 48 , delta_R [[ 0.99183576 -0.00630523  0.12736586]
 [ 0.01170936  0.99906048 -0.0417259 ]
 [-0.12698311  0.04287661  0.99097774]]
id: 48 , current state: States.Change_lane_to_oncoming
id: 49 , cur_t [[-12.20481512]
 [ -5.79596477]
 [ 17.12188579]]
id: 49 , cur_R [[ 0.71540346 -0.03939746 -0.69759998]
 [-0.23526769  0.92652536 -0.29359815]
 [ 0.65791109  0.37416387  0.65357049]]
id: 49 , delta_t [[-0.04876372]
 [ 0.04665826]
 [-0.99771995]]
id: 49 , delta_R [[ 9.94121423e-01  1.43416121e-02 -1.07316889e-01]
 [-1.43698408e-02  9.99896618e-01  5.10290839e-04]
 [ 1.07313113e-01  1.03483556e-03  9.94224736e-01]]
id: 49 , current state: States.Change_lane_to_oncoming
id: 50 , cur_t [[-12.02565309]
 [ -5.37724364]
 [ 16.23161977]]
id: 50 , cur_R [[ 0.65182992 -0.06239715 -0.75579386]
 [-0.2431632   0.92679259 -0.28622919]
 [ 0.71832403  0.370354    0.58893845]]
id: 50 , delta_t [[-0.55605431]
 [ 0.04779184]
 [-0.82977078]]
id: 50 , delta_R [[ 9.96021446e-01  1.07326236e-02 -8.84651894e-02]
 [-1.07995943e-02  9.99941644e-01 -2.78418166e-04]
 [ 8.84570387e-02  1.23269862e-03  9.96079230e-01]]
id: 50 , current state: States.Change_lane_to_oncoming
id: 51 , cur_t [[-11.42814341]
 [ -5.01645262]
 [ 15.51551083]]
id: 51 , cur_R [[ 0.57860118 -0.08676333 -0.81098261]
 [-0.2508846   0.92718231 -0.27819036]
 [ 0.77606546  0.36442432  0.5147012 ]]
id: 51 , delta_t [[-0.21265468]
 [ 0.03188173]
 [-0.97660716]]
id: 51 , delta_R [[ 9.95499021e-01  1.10207733e-02 -9.41288564e-02]
 [-1.11330527e-02  9.99937803e-01 -6.67756618e-04]
 [ 9.41156427e-02  1.71269258e-03  9.95559799e-01]]
id: 51 , current state: States.Change_lane_to_oncoming
id: 52 , cur_t [[-10.87866558]
 [ -4.63617699]
 [ 14.77155884]]
id: 52 , cur_R [[ 0.49614113 -0.11288979 -0.86087158]
 [-0.25679483  0.92807259 -0.26969923]
 [ 0.82939761  0.35487625  0.43146547]]
id: 52 , delta_t [[-0.35483222]
 [ 0.03379612]
 [-0.93431896]]
id: 52 , delta_R [[ 9.95014420e-01  1.03425883e-02 -9.91934259e-02]
 [-1.03830728e-02  9.99946089e-01  1.08107539e-04]
 [ 9.91891964e-02  9.22364004e-04  9.95068165e-01]]
id: 52 , current state: States.Change_lane_to_oncoming
id: 53 , cur_t [[-11.77900877]
 [ -4.48269931]
 [ 14.36434056]]
id: 53 , cur_R [[ 0.61120583 -0.04163301 -0.79037594]
 [-0.28576868  0.91964326 -0.26943001]
 [ 0.73808109  0.39054189  0.55019392]]
id: 53 , delta_t [[-0.82385544]
 [ 0.09956589]
 [ 0.55798643]]
id: 53 , delta_R [[ 0.98835647  0.01757083  0.15113817]
 [-0.01365529  0.9995447  -0.02690605]
 [-0.15154212  0.02452893  0.98814641]]time=1640113555.0116305 Pos: [1.4125  0.      0.43875] angle 1.2578616352201262
time=1640113555.0989513 Pos: [1.4125  0.      0.43875] angle 1.304449103191242
time=1640113555.1749766 Pos: [1.4125  0.      0.43875] angle 1.3510365711623578
time=1640113555.2522209 Pos: [1.4125  0.      0.43875] angle 1.3976240391334736
time=1640113555.3297293 Pos: [1.4125  0.      0.43875] angle 1.4442115071045893
time=1640113555.4055321 Pos: [1.4125  0.      0.43875] angle 1.4907989750757051
time=1640113555.484669 Pos: [1.4125  0.      0.43875] angle 1.537386443046821
time=1640113555.5612497 Pos: [1.4125  0.      0.43875] angle 1.5839739110179367

id: 53 , current state: States.Change_lane_to_oncoming
id: 54 , cur_t [[-11.1917655 ]
 [ -4.14541452]
 [ 13.62855234]]
id: 54 , cur_R [[ 0.52723037 -0.07447666 -0.84645222]
 [-0.29029891  0.9204266  -0.26180415]
 [ 0.79859544  0.38375526  0.46365636]]
id: 54 , delta_t [[-0.28053028]
 [-0.00162314]
 [-0.9598438 ]]
id: 54 , delta_R [[ 9.94362433e-01  8.90174874e-03 -1.05660355e-01]
 [-8.82881919e-03  9.99960355e-01  1.15795276e-03]
 [ 1.05666474e-01 -2.18568560e-04  9.94401603e-01]]
id: 54 , current state: States.Change_lane_to_oncoming
id: 55 , cur_t [[-10.82004485]
 [ -3.74587772]
 [ 12.79058211]]
id: 55 , cur_R [[ 0.49144662 -0.08008309 -0.86721792]
 [-0.29954562  0.919468   -0.25465862]
 [ 0.81777298  0.38492245  0.4278809 ]]
id: 55 , delta_t [[-0.58920189]
 [ 0.0184843 ]
 [-0.80777439]]
id: 55 , delta_R [[ 0.99912844  0.01066422 -0.04035639]
 [-0.0108521   0.99993126 -0.00443918]
 [ 0.04030627  0.00487326  0.99917549]]
id: 55 , current state: States.Change_lane_to_oncoming
id: 56 , cur_t [[-11.08517116]
 [ -4.15249834]
 [ 13.66486336]]
id: 56 , cur_R [[ 0.39625607 -0.10857868 -0.91169721]
 [-0.30158107  0.92249423 -0.24094242]
 [ 0.86719663  0.37042551  0.33279866]]
id: 56 , delta_t [[ 0.70646958]
 [-0.01611203]
 [ 0.70755998]]
id: 56 , delta_R [[ 0.99407418  0.01364017 -0.10784469]
 [-0.0131376   0.99989928  0.00536923]
 [ 0.10790706 -0.00392059  0.99415325]]
id: 56 , current state: States.Change_lane_to_oncoming
--------------E is None-------------------
id: 57 , cur_t [[-11.08517116]
 [ -4.15249834]
 [ 13.66486336]]
id: 57 , cur_R [[ 0.39625607 -0.10857868 -0.91169721]
 [-0.30158107  0.92249423 -0.24094242]
 [ 0.86719663  0.37042551  0.33279866]]
id: 57 , delta_t [[ 0.70646958]
 [-0.01611203]
 [ 0.70755998]]
id: 57 , delta_R [[ 0.99407418  0.01364017 -0.10784469]
 [-0.0131376   0.99989928  0.00536923]
 [ 0.10790706 -0.00392059  0.99415325]]
id: 57 , current state: States.Change_lane_to_oncoming
--------------E is None-------------------
id: 58 , cur_t [[-11.08517116]
 [ -4.15249834]
 [ 13.66486336]]
id: 58 , cur_R [[ 0.39625607 -0.10857868 -0.91169721]
 [-0.30158107  0.92249423 -0.24094242]
 [ 0.86719663  0.37042551  0.33279866]]
id: 58 , delta_t [[ 0.70646958]
 [-0.01611203]
 [ 0.70755998]]
id: 58 , delta_R [[ 0.99407418  0.01364017 -0.10784469]
 [-0.0131376   0.99989928  0.00536923]
 [ 0.10790706 -0.00392059  0.99415325]]
id: 58 , current state: States.Change_lane_to_oncoming
--------------E is None-------------------
id: 59 , cur_t [[-11.08517116]
 [ -4.15249834]
 [ 13.66486336]]
id: 59 , cur_R [[ 0.39625607 -0.10857868 -0.91169721]
 [-0.30158107  0.92249423 -0.24094242]
 [ 0.86719663  0.37042551  0.33279866]]
id: 59 , delta_t [[ 0.70646958]
 [-0.01611203]
 [ 0.70755998]]
id: 59 , delta_R [[ 0.99407418  0.01364017 -0.10784469]
 [-0.0131376   0.99989928  0.00536923]
 [ 0.10790706 -0.00392059  0.99415325]]
id: 59 , current state: States.Change_lane_to_oncoming
--------------E is None-------------------
id: 60 , cur_t [[-11.08517116]
 [ -4.15249834]
 [ 13.66486336]]
id: 60 , cur_R [[ 0.39625607 -0.10857868 -0.91169721]
 [-0.30158107  0.92249423 -0.24094242]
 [ 0.86719663  0.37042551  0.33279866]]
id: 60 , delta_t [[ 0.70646958]
 [-0.01611203]
 [ 0.70755998]]
id: 60 , delta_R [[ 0.99407418  0.01364017 -0.10784469]
 [-0.0131376   0.99989928  0.00536923]
 [ 0.10790706 -0.00392059  0.99415325]]
id: 60 , current state: States.Change_lane_to_oncoming
total reward =  12.83250000000001
False: Incorrect solution execution: OpenCV(4.5.4) /tmp/pip-req-build-w88qv8vs/opencv/modules/calib3d/src/five-point.cpp:446: error: (-215:Assertion failed) npoints >= 0 && points2.checkVector(2) == npoints && points1.type() == points2.type() in function 'findEssentialMat'

